0x0-0 |(0.59784406,0.34898400)(-0.39294493,0.09090890)|0.00000006|
0x1-0 |(0.88153982,0.55343360)(0.29700714,-0.50360548)|0.00000022|
0x2-0 |(0.23443978,0.77782631)(0.29583231,-0.50033230)|0.00000048|
0x3-0 |(0.38595122,0.66528237)(0.72513843,-0.54197007)|0.00000004|
0x4-0 |(0.50447887,0.59210849)(0.53639263,-0.57412636)|0.00000000|
0x5-0 |(0.63524097,0.54609287)(0.32722944,-0.52866554)|0.00000000|
0x6-0 |(0.51574850,0.56888640)(0.18237957,-0.28355157)|0.00000000|
0x7-0 |(0.53036857,0.46528497)(0.11989891,-0.20118490)|0.00000000|
0x8-0 |(0.56929833,0.38823953)(0.29040593,-0.11294556)|0.00000000|
0x9-0 |(0.51265091,0.41342229)(0.15710336,-0.16215558)|0.00000000|
0x10-0 |(0.53527886,0.41419277)(0.06905167,-0.13942423)|0.00000000|
0x11-0 |(0.49708861,0.44439876)(0.12169822,-0.20485932)|0.00000000|
0x12-0 |(0.36780706,0.51872170)(-0.03962905,-0.15367785)|0.00000000|
0x13-0 |(0.34365380,0.58340096)(-0.20916268,-0.17831649)|0.00000000|
0x14-0 |(0.49149394,0.57176179)(0.07195063,-0.23403011)|0.00000000|
0x15-0 |(0.39535549,0.54459763)(0.02531230,-0.65282357)|0.00000011|
0x16-0 |(0.55757922,0.58706141)(-0.26122016,-0.42081439)|0.00000002|
0x17-0 |(0.54138267,0.75780714)(-0.63392532,-0.39367348)|0.00000001|
0x18-0 |(0.02217675,0.89032674)(0.14930955,-0.30692053)|0.00000015|
1x0-0 |(0.82819033,0.63081509)(-0.58984035,-0.20157988)|0.00000012|
1x1-0 |(0.49525186,0.79851276)(-0.11441603,-0.16696920)|0.00000027|
1x2-0 |(0.20402431,0.53763294)(0.02313406,-0.02806087)|0.00000018|
1x3-0 |(0.49090877,0.40828788)(0.07456006,-0.37468183)|0.00000000|
1x4-0 |(0.46530920,0.30808759)(0.09806205,-0.28024662)|0.00000000|
1x5-0 |(0.75271600,0.36292040)(0.11785080,-0.10147752)|0.00000000|
1x6-0 |(0.31632140,0.44626072)(-0.02208843,-0.01100655)|0.00000000|
1x7-0 |(0.47212183,0.39305875)(0.19131634,-0.06203785)|0.00000000|
1x8-0 |(0.49186748,0.44316596)(0.35717174,0.04343363)|0.00000000|
1x9-0 |(0.52503192,0.54353976)(0.10063340,-0.06633765)|0.00000000|
1x10-0 |(0.48830026,0.54032636)(0.00921109,-0.08823489)|0.00000000|
1x11-0 |(0.53845030,0.52634794)(0.05822983,-0.10941248)|0.00000000|
1x12-0 |(0.39176601,0.48131564)(-0.08314509,-0.07933401)|0.00000000|
1x13-0 |(0.40555176,0.40043741)(-0.09700721,0.00671905)|0.00000000|
1x14-0 |(0.43262413,0.53503126)(-0.20035431,-0.00628857)|0.00000000|
1x15-0 |(0.48447931,0.55522639)(-0.15757030,0.33169228)|0.00000009|
1x16-0 |(0.26013419,0.38224038)(-0.40792462,0.19651076)|0.00000124|
1x17-0 |(0.73305637,0.77807093)(-0.61646390,-0.05798312)|0.00000029|
1x18-0 |(0.25965583,0.87582928)(-0.67968369,-0.63686025)|0.00000000|
2x0-0 |(0.40122458,0.46869949)(-0.46604308,-0.37428534)|0.00000005|
2x1-0 |(0.39032742,0.18187682)(0.15178007,-0.20298614)|0.00000008|
2x2-0 |(0.32675451,0.62265444)(0.00420083,-0.23042227)|0.00000000|
2x3-0 |(0.45678803,0.55478966)(-0.28089842,-0.01692278)|0.00000000|
2x4-0 |(0.35683176,0.56120145)(-0.13865837,0.17523640)|0.00000000|
2x5-0 |(0.63160455,0.48659444)(0.02870879,0.03782925)|0.00000000|
2x6-0 |(0.29782933,0.58200014)(-0.10041285,0.05062695)|0.00000000|
2x7-0 |(0.46949574,0.48931780)(0.22156116,-0.12100928)|0.00000000|
2x8-0 |(0.48993808,0.51537597)(0.38141167,0.03225780)|0.00000000|
2x9-0 |(0.51348901,0.46731147)(0.24804756,0.01528137)|0.00000000|
2x10-0 |(0.41676244,0.48239300)(0.14378791,-0.02029717)|0.00000000|
2x11-0 |(0.45334676,0.52028209)(0.06116480,-0.04187339)|0.00000001|
2x12-0 |(0.26941696,0.51537877)(-0.01367542,0.07271563)|0.00000000|
2x13-0 |(0.33904210,0.47716901)(0.02502166,-0.05187472)|0.00000002|
2x14-0 |(0.41074768,0.61821997)(-0.24099508,-0.21999641)|0.00000000|
2x15-0 |(0.44602102,0.39409986)(-0.15207514,-0.27584940)|0.00000007|
2x16-0 |(0.45668423,0.77368981)(-0.01650707,-0.66384840)|0.00000005|
2x17-0 |(0.52162683,0.27309030)(-0.26024318,-0.24358384)|0.00000028|
2x18-0 |(0.24671637,0.09545243)(-0.27580655,0.02960943)|0.00000047|
3x0-0 |(0.25560778,0.40517372)(-0.15960497,-0.39855343)|0.00000001|
3x1-0 |(0.70407969,0.32418004)(0.15810052,-0.28290200)|0.00000001|
3x2-0 |(0.27268830,0.50985366)(0.00609531,-0.00261696)|0.00000000|
3x3-0 |(0.67826009,0.57687825)(0.22433996,-0.26036745)|0.00000000|
3x4-0 |(0.46090990,0.39050993)(-0.10588548,0.00004327)|0.00000000|
3x5-0 |(0.64102155,0.39544359)(0.13819194,-0.23759325)|0.00000000|
3x6-0 |(0.44882339,0.39659727)(0.10005124,-0.24790211)|0.00000000|
3x7-0 |(0.51172781,0.47636065)(0.39947477,-0.35772234)|0.00000001|
3x8-0 |(0.56933528,0.54487520)(0.52182758,-0.44143677)|0.00000002|
3x9-0 |(0.55911946,0.52645576)(0.49427631,-0.41641307)|0.00000006|
3x10-0 |(0.45195487,0.56458503)(0.48880854,-0.44057071)|0.00000002|
3x11-0 |(0.51365054,0.54871881)(0.32437855,-0.42006058)|0.00000004|
3x12-0 |(0.42396456,0.54399586)(0.19408646,-0.33034098)|0.00000003|
3x13-0 |(0.51480246,0.44903952)(0.16755228,-0.11412047)|0.00000010|
3x14-0 |(0.41349861,0.38755244)(0.15107401,-0.30622643)|0.00000003|
3x15-0 |(0.49173641,0.37495443)(-0.00308748,-0.07650251)|0.00000009|
3x16-0 |(0.56703830,0.49525446)(-0.04897176,-0.36754280)|0.00000001|
3x17-0 |(0.64395028,0.43628365)(-0.10296435,-0.15782560)|0.00000027|
3x18-0 |(0.55940223,0.68412453)(0.17247219,-0.39660615)|0.00000004|
4x0-0 |(0.44615698,0.44439915)(0.19973196,-0.58238971)|0.00000000|
4x1-0 |(0.62364268,0.63431013)(0.05709757,-0.48197800)|0.00000001|
4x2-0 |(0.24600451,0.58415276)(0.37285116,-0.26055837)|0.00000000|
4x3-0 |(0.65330935,0.65707034)(0.00774204,-0.36461163)|0.00000000|
4x4-0 |(0.51430666,0.53742969)(-0.21578211,-0.03406019)|0.00000000|
4x5-0 |(0.54421467,0.56398457)(0.28462410,-0.50296086)|0.00000000|
4x6-0 |(0.44287309,0.50975370)(0.53502560,-0.53416675)|0.00000001|
4x7-0 |(0.50967765,0.45843595)(0.77163374,-0.70998865)|0.00000001|
4x8-0 |(0.51832956,0.53070736)(0.91541678,-0.74085844)|0.00000003|
4x9-0 |(0.44072768,0.53264999)(0.94350141,-0.74545652)|0.00000026|
4x10-0 |(0.37614974,0.64389575)(0.93299001,-0.75543016)|0.00000044|
4x11-0 |(0.43404230,0.62678170)(0.73384166,-0.64714962)|0.00000034|
4x12-0 |(0.38080269,0.53602517)(0.42285222,-0.52614588)|0.00000018|
4x13-0 |(0.35667750,0.50370991)(0.33837253,-0.44330603)|0.00000004|
4x14-0 |(0.45152125,0.54074395)(0.54276806,-0.49143147)|0.00000003|
4x15-0 |(0.57916731,0.72971904)(0.14196263,-0.47688651)|0.00000046|
4x16-0 |(0.64806020,0.71620154)(0.18569323,-0.43560010)|0.00000118|
4x17-0 |(0.36062402,0.55013353)(-0.00018100,-0.23342662)|0.00000194|
4x18-0 |(0.57973230,0.38617757)(0.21623504,-0.24241503)|0.00000003|
5x0-0 |(0.54577005,0.56107235)(0.09194984,-0.38014281)|0.00000001|
5x1-0 |(0.60837507,0.51766765)(-0.04133285,-0.19210882)|0.00000052|
5x2-0 |(0.28693447,0.46350273)(0.23898116,-0.23638336)|0.00000000|
5x3-0 |(0.63936496,0.58895767)(0.49235442,-0.42979372)|0.00000000|
5x4-0 |(0.62422419,0.49733329)(0.13207588,-0.26133931)|0.00000000|
5x5-0 |(0.58001447,0.55000746)(0.45935634,-0.43789494)|0.00000011|
5x6-0 |(0.39460787,0.61277449)(0.65673023,-0.54472601)|0.00000007|
5x7-0 |(0.52555358,0.51443166)(0.80813539,-0.65151435)|0.00000004|
5x8-0 |(0.54929513,0.46845475)(0.92812681,-0.66979009)|0.00000010|
5x9-0 |(0.51955599,0.50621206)(0.87832677,-0.55565655)|0.00000051|
5x10-0 |(0.49441147,0.41676220)(0.81556034,-0.43156087)|0.00000171|
5x11-0 |(0.50710332,0.51106089)(0.64243746,-0.34224361)|0.00000272|
5x12-0 |(0.38988870,0.55216664)(0.37066600,-0.30394036)|0.00000048|
5x13-0 |(0.35874280,0.70305955)(0.33781415,-0.18011442)|0.00000018|
5x14-0 |(0.57139516,0.63470411)(0.30410084,-0.13501672)|0.00000025|
5x15-0 |(0.66266954,0.48922807)(-0.03100684,-0.06842695)|0.00000169|
5x16-0 |(0.52160776,0.59164059)(0.11169292,-0.11516745)|0.00000863|
5x17-0 |(0.33437186,0.61215854)(-0.04231695,-0.07957868)|0.00000596|
5x18-0 |(0.52618718,0.59922504)(0.17818522,-0.20047861)|0.00000004|
6x0-0 |(0.49784485,0.54627514)(-0.15809527,-0.17587885)|0.00000000|
6x1-0 |(0.57563210,0.53506404)(-0.23248148,0.04678403)|0.00000059|
6x2-0 |(0.30540884,0.70228469)(0.08797546,-0.06054478)|0.00000003|
6x3-0 |(0.59164459,0.75223273)(0.45270446,-0.33608258)|0.00000001|
6x4-0 |(0.61185503,0.68484294)(0.38080877,-0.35647982)|0.00000006|
6x5-0 |(0.56084853,0.73950452)(0.48950019,-0.59730405)|0.00000207|
6x6-0 |(0.44176736,0.71632195)(0.50864738,-0.67957038)|0.00000127|
6x7-0 |(0.44521305,0.75874782)(0.56061161,-0.69510788)|0.00000133|
6x8-0 |(0.51231229,0.68759561)(0.60220093,-0.62764776)|0.00000192|
6x9-0 |(0.39011151,0.61209786)(0.58687818,-0.50336820)|0.00000658|
6x10-0 |(0.46717826,0.57607806)(0.68894118,-0.52320284)|0.00000301|
6x11-0 |(0.47007358,0.69126278)(0.33553389,-0.41735089)|0.00000596|
6x12-0 |(0.58184129,0.68238217)(0.22625276,-0.28140187)|0.00000497|
6x13-0 |(0.38580203,0.67796803)(0.05671255,-0.14988105)|0.00000491|
6x14-0 |(0.41740295,0.71227807)(0.20344412,-0.16920109)|0.00000252|
6x15-0 |(0.73639810,0.76813382)(-0.01654559,-0.17525089)|0.00000405|
6x16-0 |(0.59627151,0.72649539)(-0.10183331,-0.20208454)|0.00010960|
6x17-0 |(0.28183520,0.51066720)(-0.10801598,-0.10336819)|0.00001759|
6x18-0 |(0.43528271,0.51067328)(0.20421225,-0.20696826)|0.00000014|
7x0-0 |(0.44948021,0.57825756)(-0.22355869,-0.14326538)|0.00000000|
7x1-0 |(0.60880816,0.59579837)(-0.24926651,0.12033777)|0.00000499|
7x2-0 |(0.39394504,0.72459167)(0.04769626,-0.08492124)|0.00000280|
7x3-0 |(0.62352943,0.75263786)(0.37369719,-0.11338177)|0.00000304|
7x4-0 |(0.88067073,0.86272055)(0.01368617,-0.23174779)|0.01873201|
7x5-0 |(0.43329990,0.86225390)(0.21261621,-0.17235154)|0.96260989|
7x6-0 |(0.16150391,0.80611372)(0.23797500,-0.17732559)|0.01760356|
7x7-0 |(0.44792610,0.68473697)(0.50188255,-0.25838119)|0.00009955|
7x8-0 |(0.64127195,0.70490807)(0.47857523,-0.24173857)|0.00004593|
7x9-0 |(0.39113808,0.87678832)(-0.18715540,-0.13518912)|0.00156074|
7x10-0 |(0.52032232,0.80768728)(0.28529325,0.00915856)|0.00006618|
7x11-0 |(0.37807804,0.71106756)(-0.36651498,0.04059838)|0.00070975|
7x12-0 |(0.63148201,0.58544928)(0.15428901,0.01412227)|0.00008642|
7x13-0 |(0.43216437,0.56852460)(0.02661866,0.00954334)|0.00006007|
7x14-0 |(0.63801467,0.59842348)(0.04971808,-0.13499311)|0.00011594|
7x15-0 |(0.75358164,0.71202832)(-0.26177815,-0.21142484)|0.00212927|
7x16-0 |(0.52023005,0.76285470)(-0.12841445,-0.16445231)|0.00988239|
7x17-0 |(0.15944359,0.77277088)(-0.27510047,-0.06174716)|0.00053807|
7x18-0 |(0.35131508,0.51246232)(0.29085609,-0.13646987)|0.00000069|
8x0-0 |(0.38492912,0.52253997)(-0.22122377,-0.11087437)|0.00000001|
8x1-0 |(0.65701199,0.43300718)(-0.18475926,0.09066641)|0.00000708|
8x2-0 |(0.40347964,0.41246414)(0.05258299,-0.12432295)|0.00000179|
8x3-0 |(0.59155798,0.31420711)(0.32855684,-0.32077700)|0.00000110|
8x4-0 |(0.86582303,0.10198862)(-0.08516877,-0.20841689)|0.00695044|
8x5-0 |(0.48703799,0.07413689)(0.18241031,-0.12405273)|0.58126628|
8x6-0 |(0.31978190,0.35278684)(0.11144967,-0.22604410)|0.00151613|
8x7-0 |(0.44684687,0.90762150)(-0.01835540,-0.30230016)|0.08551954|
8x8-0 |(0.57433748,0.46268752)(0.62202781,-0.19217844)|0.00010519|
8x9-0 |(0.54106766,0.18166293)(0.03703565,-0.14701580)|0.00228782|
8x10-0 |(0.35556215,0.32114255)(0.36916786,-0.12629494)|0.00016015|
8x11-0 |(0.42743066,0.23338065)(-0.03319580,0.00655601)|0.00011491|
8x12-0 |(0.73638427,0.51061982)(0.06560113,0.05686761)|0.00011637|
8x13-0 |(0.67971456,0.73867035)(-0.20774251,-0.04558743)|0.00099192|
8x14-0 |(0.37811503,0.79900980)(-0.01236635,-0.14243962)|0.00273078|
8x15-0 |(0.65389913,0.54055244)(-0.10635526,-0.10433319)|0.00103131|
8x16-0 |(0.66317910,0.45123890)(-0.15679726,-0.17158771)|0.11605190|
8x17-0 |(0.11230926,0.42662647)(-0.31244594,-0.22311921)|0.02745560|
8x18-0 |(0.31498364,0.52704102)(0.35990694,-0.27730143)|0.00000172|
9x0-0 |(0.39838225,0.52497464)(-0.08653498,-0.20735638)|0.00000001|
9x1-0 |(0.75853306,0.64086121)(-0.14713046,-0.11445932)|0.00001466|
9x2-0 |(0.46490699,0.84414065)(-0.11543111,-0.32213151)|0.00006260|
9x3-0 |(0.45787206,0.81294399)(0.09351082,-0.39429832)|0.00000920|
9x4-0 |(0.57268369,0.70617384)(0.01759284,-0.27569216)|0.00007089|
9x5-0 |(0.56675148,0.50083351)(0.41740838,-0.23935480)|0.00039820|
9x6-0 |(0.75253689,0.37736905)(0.35681093,-0.24227412)|0.00654907|
9x7-0 |(0.49864483,0.29899085)(-0.15870675,-0.20969622)|0.99885201|
9x8-0 |(0.29072842,0.49647155)(0.56221330,-0.19271000)|0.00322318|
9x9-0 |(0.58387381,0.64752114)(0.96362972,-0.14514937)|0.00151757|
9x10-0 |(0.41780847,0.48948592)(0.65664214,-0.32963300)|0.00027021|
9x11-0 |(0.53587270,0.63347131)(0.17951080,-0.26580209)|0.00016887|
9x12-0 |(0.53393370,0.42885518)(0.15490058,-0.02845979)|0.00007094|
9x13-0 |(0.83262378,0.28426033)(0.00991214,0.15787321)|0.00069621|
9x14-0 |(0.50122249,0.49405009)(0.01481561,0.26807511)|0.25368452|
9x15-0 |(0.30364534,0.33115008)(0.10284800,0.04493640)|0.00160119|
9x16-0 |(0.49799404,0.19300555)(-0.12057353,0.08859700)|0.00303421|
9x17-0 |(0.19960123,0.22188422)(-0.23060352,0.14358264)|0.00023059|
9x18-0 |(0.49743974,0.42006233)(0.28536564,-0.16810158)|0.00000052|
10x0-0 |(0.41950855,0.56398857)(-0.28720182,-0.19023922)|0.00000011|
10x1-0 |(0.71410906,0.52947134)(-0.18775311,0.08091111)|0.00002315|
10x2-0 |(0.46049449,0.34296364)(-0.20416194,0.07010134)|0.00013783|
10x3-0 |(0.37598145,0.35854623)(0.11572220,0.10793856)|0.00001785|
10x4-0 |(0.51254749,0.21519004)(0.12240691,-0.03012151)|0.00001840|
10x5-0 |(0.64609599,0.19652112)(0.86369389,-0.25244939)|0.00010431|
10x6-0 |(0.62950283,0.23927575)(0.88676065,-0.33637136)|0.00033306|
10x7-0 |(0.58368355,0.41642621)(0.93904066,-0.31537688)|0.00048202|
10x8-0 |(0.53663981,0.36712039)(1.09647417,-0.37292761)|0.00020321|
10x9-0 |(0.58554405,0.29109785)(0.75178540,-0.22566895)|0.00062601|
10x10-0 |(0.37023589,0.26858154)(0.72213322,-0.04592778)|0.00027336|
10x11-0 |(0.60760677,0.37887099)(-0.04494766,0.05760073)|0.00041168|
10x12-0 |(0.36478120,0.53967673)(-0.06418739,0.03621344)|0.00010938|
10x13-0 |(0.83545518,0.71224099)(-0.00666189,0.14539964)|0.00023947|
10x14-0 |(0.38110980,0.51585025)(-0.02844126,0.24792969)|0.07702217|
10x15-0 |(0.27923521,0.50837207)(0.07284169,0.04153161)|0.00006773|
10x16-0 |(0.38352221,0.41812193)(-0.22560474,-0.02861185)|0.00031507|
10x17-0 |(0.30411983,0.47838286)(-0.20906696,0.06433526)|0.00002444|
10x18-0 |(0.48494077,0.42121094)(0.15129597,-0.08502331)|0.00000028|
11x0-0 |(0.49931738,0.59235317)(-0.27237591,0.18010588)|0.00000049|
11x1-0 |(0.51190764,0.48281148)(-0.18979821,0.35228145)|0.00002261|
11x2-0 |(0.38110897,0.25149018)(-0.14630809,0.16449308)|0.00000351|
11x3-0 |(0.41780373,0.28344512)(0.04551085,-0.04770438)|0.00000026|
11x4-0 |(0.64738697,0.38536215)(-0.06369676,-0.18285888)|0.00000083|
11x5-0 |(0.60701400,0.31418994)(0.40825090,-0.17504619)|0.00000326|
11x6-0 |(0.56754011,0.26971531)(0.51353192,-0.22302164)|0.00000778|
11x7-0 |(0.63782054,0.38502383)(0.20007914,-0.24735706)|0.00001640|
11x8-0 |(0.38421783,0.31561133)(0.54911196,-0.44409323)|0.00000422|
11x9-0 |(0.57069826,0.19031040)(0.68666357,-0.39646035)|0.00001031|
11x10-0 |(0.53753334,0.30360481)(0.44738662,-0.36237317)|0.00001579|
11x11-0 |(0.55667216,0.23325571)(-0.14536807,-0.23124848)|0.00005116|
11x12-0 |(0.49631235,0.25120091)(0.06624071,-0.08295038)|0.00003643|
11x13-0 |(0.89310497,0.34841767)(-0.08218472,0.17049982)|0.00158659|
11x14-0 |(0.23191616,0.23835118)(0.00146033,0.24897863)|0.08151751|
11x15-0 |(0.24445841,0.31435323)(0.12022797,0.10211028)|0.00005557|
11x16-0 |(0.57286000,0.43228349)(-0.14648241,0.09561861)|0.00006955|
11x17-0 |(0.42906651,0.80185425)(-0.26612869,0.04056658)|0.00031713|
11x18-0 |(0.37198871,0.59154856)(-0.03059115,-0.01584967)|0.00000034|
12x0-0 |(0.45822001,0.33369252)(-0.30595785,0.35451198)|0.00000023|
12x1-0 |(0.53510904,0.48814160)(-0.09985655,0.41442430)|0.00006333|
12x2-0 |(0.44460928,0.75846761)(-0.11683986,0.21467988)|0.00001942|
12x3-0 |(0.43220374,0.71213925)(0.02369761,0.12877727)|0.00000125|
12x4-0 |(0.58631980,0.51434475)(0.02653858,0.04495538)|0.00000127|
12x5-0 |(0.55405092,0.56670344)(0.41052979,0.03948732)|0.00000092|
12x6-0 |(0.71538967,0.65020972)(0.53515518,-0.16082673)|0.00000260|
12x7-0 |(0.75440413,0.93355584)(0.09760523,-0.09939031)|0.25396162|
12x8-0 |(0.08733103,0.80352253)(0.14020686,-0.20681505)|0.00062387|
12x9-0 |(0.37026596,0.51492095)(0.97284871,-0.46712828)|0.00000329|
12x10-0 |(0.42788437,0.45723686)(0.96588880,-0.42966020)|0.00000459|
12x11-0 |(0.54807359,0.33528864)(0.81021297,-0.36380321)|0.00000412|
12x12-0 |(0.52572781,0.38807237)(0.78808051,-0.30467963)|0.00000975|
12x13-0 |(0.86583781,0.26210853)(-0.13330144,-0.21250491)|0.00041177|
12x14-0 |(0.11278681,0.22006267)(-0.07777328,-0.12886588)|0.00073145|
12x15-0 |(0.28111389,0.29321793)(0.28547913,-0.06805030)|0.00000499|
12x16-0 |(0.83885252,0.25766280)(-0.08656394,-0.01356536)|0.00002046|
12x17-0 |(0.44697744,0.24964921)(-0.31342223,-0.10233374)|0.00428993|
12x18-0 |(0.35334986,0.29449058)(-0.11751781,-0.04445235)|0.00000076|
13x0-0 |(0.34257248,0.56127495)(-0.30633476,-0.11299641)|0.00000032|
13x1-0 |(0.68084323,0.51582772)(-0.02045263,0.00277053)|0.00021762|
13x2-0 |(0.51109487,0.48703665)(-0.08417612,-0.02406794)|0.00051710|
13x3-0 |(0.36183420,0.60314119)(0.17511120,-0.07525586)|0.00005807|
13x4-0 |(0.52777940,0.70272166)(0.25253180,-0.13252245)|0.00003488|
13x5-0 |(0.59415102,0.74012405)(0.39337483,-0.19689208)|0.00004757|
13x6-0 |(0.76848930,0.63542628)(0.52529860,-0.13973615)|0.00357819|
13x7-0 |(0.66320622,0.36222571)(0.08734576,0.00486444)|0.99391311|
13x8-0 |(0.06084672,0.34635618)(0.24084881,0.00006739)|0.16715506|
13x9-0 |(0.27394372,0.44358283)(1.15425551,-0.15695828)|0.00004788|
13x10-0 |(0.42059654,0.52596122)(1.15495706,-0.22821538)|0.00001577|
13x11-0 |(0.47557929,0.51476926)(1.21685016,-0.30461383)|0.00000443|
13x12-0 |(0.42724341,0.47748858)(1.15772080,-0.40079451)|0.00000482|
13x13-0 |(0.63274240,0.33487469)(0.71882337,-0.33590907)|0.00000505|
13x14-0 |(0.28165677,0.27219307)(0.40555319,-0.22270237)|0.00000241|
13x15-0 |(0.44389167,0.49276161)(0.37395599,-0.16493990)|0.00000253|
13x16-0 |(0.49343708,0.48470941)(0.24750841,-0.20059714)|0.00000069|
13x17-0 |(0.44987315,0.41838223)(-0.09384217,-0.07134356)|0.00000532|
13x18-0 |(0.66586530,0.53209311)(0.15939513,-0.20656937)|0.00000005|
14x0-0 |(0.37806091,0.33697259)(-0.10995213,-0.34780538)|0.00000003|
14x1-0 |(0.72548151,0.19098853)(0.01011742,-0.44760281)|0.00001968|
14x2-0 |(0.37912932,0.17936131)(0.14312059,-0.52110374)|0.00004229|
14x3-0 |(0.55044806,0.17629436)(0.34477100,-0.59384763)|0.00001691|
14x4-0 |(0.55644733,0.18361586)(0.37874851,-0.63712227)|0.00003153|
14x5-0 |(0.67762589,0.18207258)(0.39219540,-0.74583352)|0.00006437|
14x6-0 |(0.66207564,0.20399894)(0.44068998,-0.80573767)|0.00068604|
14x7-0 |(0.49223363,0.09423001)(0.18458220,-0.60971725)|0.00377882|
14x8-0 |(0.19640715,0.11250931)(0.41783395,-0.64473146)|0.00002008|
14x9-0 |(0.38917103,0.26588109)(0.97167909,-0.72188205)|0.00000191|
14x10-0 |(0.43999201,0.29140523)(1.05567336,-0.74856460)|0.00000253|
14x11-0 |(0.47826368,0.22345826)(1.10070443,-0.78628218)|0.00000154|
14x12-0 |(0.37939090,0.19319548)(1.08290267,-0.82660776)|0.00000306|
14x13-0 |(0.51981884,0.22811688)(1.00299442,-0.73016942)|0.00000350|
14x14-0 |(0.32617563,0.29022604)(0.95179385,-0.63933629)|0.00000219|
14x15-0 |(0.49769408,0.28074241)(0.51828402,-0.53029007)|0.00000058|
14x16-0 |(0.52397656,0.29524419)(0.26665080,-0.55508608)|0.00000028|
14x17-0 |(0.40779749,0.35203215)(-0.17715088,-0.26489753)|0.00000089|
14x18-0 |(0.67173302,0.44911301)(0.13341108,-0.37429708)|0.00000002|
15x0-0 |(0.37731394,0.74134266)(-0.29798114,-0.25083643)|0.00000002|
15x1-0 |(0.64493215,0.68878531)(-0.10287154,-0.26589555)|0.00000067|
15x2-0 |(0.20992181,0.48981768)(0.09444845,-0.07017544)|0.00000002|
15x3-0 |(0.56229234,0.25026116)(0.36026713,-0.36393189)|0.00000000|
15x4-0 |(0.51113218,0.22963458)(0.43088892,-0.48267978)|0.00000000|
15x5-0 |(0.64105660,0.18136306)(0.56171936,-0.48839843)|0.00000000|
15x6-0 |(0.66175365,0.23714758)(0.53912753,-0.58762854)|0.00000004|
15x7-0 |(0.42620173,0.19737211)(0.49927163,-0.48699945)|0.00000004|
15x8-0 |(0.38989249,0.29079214)(0.51805007,-0.47760820)|0.00000001|
15x9-0 |(0.57439387,0.39349425)(0.61211526,-0.45157635)|0.00000007|
15x10-0 |(0.46215990,0.50189877)(0.51928645,-0.51993763)|0.00000034|
15x11-0 |(0.39325953,0.48550749)(0.63613367,-0.58311188)|0.00000013|
15x12-0 |(0.41151312,0.56738621)(0.57632762,-0.56421000)|0.00000010|
15x13-0 |(0.52245134,0.65152448)(0.60105497,-0.55677456)|0.00000005|
15x14-0 |(0.40637550,0.62232411)(0.47354430,-0.66192716)|0.00000001|
15x15-0 |(0.50744581,0.56016988)(0.37075117,-0.56236756)|0.00000001|
15x16-0 |(0.75217259,0.55708808)(0.04379115,-0.63311130)|0.00000001|
15x17-0 |(0.45811442,0.65248579)(-0.10245112,-0.08062627)|0.00000223|
15x18-0 |(0.64415288,0.74985939)(-0.24398905,-0.12492311)|0.00000057|
16x0-0 |(0.20472144,0.25237173)(0.14487782,-0.43362802)|0.00000025|
16x1-0 |(0.72245276,0.55172008)(-0.20134449,-0.23861821)|0.00000548|
16x2-0 |(0.19636203,0.80078322)(-0.07640018,-0.12110904)|0.00000005|
16x3-0 |(0.45610747,0.68779564)(-0.08575112,-0.00253825)|0.00000000|
16x4-0 |(0.48764950,0.66450787)(-0.04842775,-0.04078205)|0.00000000|
16x5-0 |(0.64098972,0.59364277)(-0.00164806,0.01198118)|0.00000000|
16x6-0 |(0.58514035,0.67013687)(0.06901416,-0.07118209)|0.00000003|
16x7-0 |(0.39344916,0.61208397)(0.01727811,-0.01536734)|0.00000005|
16x8-0 |(0.51209539,0.70683247)(-0.02463767,-0.01002396)|0.00000002|
16x9-0 |(0.54863799,0.78277963)(-0.04868744,-0.06160522)|0.00000013|
16x10-0 |(0.52119976,0.76935488)(-0.09274138,-0.11052239)|0.00000137|
16x11-0 |(0.41368917,0.75170308)(0.00511668,-0.12200288)|0.00000069|
16x12-0 |(0.43543842,0.77573937)(-0.00757600,-0.11587355)|0.00000070|
16x13-0 |(0.46478537,0.67409480)(-0.06498358,-0.06253615)|0.00000027|
16x14-0 |(0.44278973,0.71475869)(0.08674482,-0.28555262)|0.00000001|
16x15-0 |(0.46866068,0.68634492)(0.11109369,-0.21489109)|0.00000000|
16x16-0 |(0.45846882,0.46690407)(-0.10160058,-0.55720294)|0.00000000|
16x17-0 |(0.75708359,0.55975217)(0.34750056,-0.12064449)|0.00000034|
16x18-0 |(0.48697874,0.43061963)(-0.06414435,0.07959700)|0.00000099|
17x0-0 |(0.93181646,0.78973591)(-0.74471211,0.22307619)|0.00000004|
17x1-0 |(0.22901361,0.94773501)(-0.16298681,0.00395612)|0.00000575|
17x2-0 |(0.15051138,0.82365030)(-0.12321664,0.01568177)|0.00000006|
17x3-0 |(0.33865765,0.56645614)(-0.01304146,0.04534522)|0.00000000|
17x4-0 |(0.41836751,0.50507426)(0.04521582,-0.12896645)|0.00000000|
17x5-0 |(0.65208930,0.49777034)(0.13592005,-0.14539933)|0.00000000|
17x6-0 |(0.52321261,0.41652662)(-0.17135987,0.01214281)|0.00000000|
17x7-0 |(0.41537538,0.42113423)(0.02233980,0.09549622)|0.00000000|
17x8-0 |(0.60409689,0.43051946)(-0.04504136,0.12435763)|0.00000000|
17x9-0 |(0.58332771,0.42262816)(-0.03329270,0.06008197)|0.00000000|
17x10-0 |(0.48314017,0.40884331)(-0.05216696,0.02230269)|0.00000001|
17x11-0 |(0.48133951,0.33960390)(0.08583882,-0.09112556)|0.00000002|
17x12-0 |(0.45343938,0.36990064)(-0.07022627,-0.14542374)|0.00000011|
17x13-0 |(0.40757346,0.26345542)(-0.02872830,-0.11788265)|0.00000006|
17x14-0 |(0.44934303,0.47739831)(-0.16202959,-0.25516826)|0.00000000|
17x15-0 |(0.55446827,0.37165809)(-0.02059318,-0.02871070)|0.00000010|
17x16-0 |(0.34685457,0.74722481)(0.01843341,-0.48793900)|0.00000029|
17x17-0 |(0.73338675,0.76582301)(-0.02754352,-0.53076005)|0.00000395|
17x18-0 |(0.39804685,0.86901814)(0.09169199,-0.57775795)|0.00000524|
18x0-0 |(0.82610786,0.06625637)(-0.19479516,-0.73296875)|0.00000001|
18x1-0 |(0.15267247,0.05035469)(-0.26985392,-0.51919073)|0.00000032|
18x2-0 |(0.25726202,0.18768173)(-0.27283216,-0.08003919)|0.00000000|
18x3-0 |(0.33656067,0.35269132)(0.13107537,-0.07063238)|0.00000000|
18x4-0 |(0.57409066,0.47825620)(-0.05774920,-0.18566574)|0.00000000|
18x5-0 |(0.70954436,0.64677197)(0.31799823,-0.35215455)|0.00000000|
18x6-0 |(0.46775532,0.52199799)(0.14890403,-0.36571753)|0.00000000|
18x7-0 |(0.49728400,0.54787540)(0.26513520,-0.48201793)|0.00000001|
18x8-0 |(0.56006086,0.54138219)(0.62253273,-0.61672109)|0.00000001|
18x9-0 |(0.45077544,0.58007199)(0.78634727,-0.67464894)|0.00000002|
18x10-0 |(0.45449299,0.56509006)(0.64870590,-0.68568861)|0.00000002|
18x11-0 |(0.39812273,0.59122175)(0.54419869,-0.71879834)|0.00000010|
18x12-0 |(0.47413409,0.47358498)(0.37837651,-0.88210791)|0.00000009|
18x13-0 |(0.32035497,0.36954659)(0.08640309,-0.58117992)|0.00000003|
18x14-0 |(0.47771955,0.33189401)(-0.05005499,-0.58388537)|0.00000002|
18x15-0 |(0.54776055,0.13638146)(0.15054052,-0.49049628)|0.00000070|
18x16-0 |(0.41144451,0.20497778)(0.19504613,-0.90213192)|0.00000106|
18x17-0 |(0.70823509,0.06700648)(0.24678138,-0.83513629)|0.00000364|
18x18-0 |(0.16197099,0.33433652)(1.12345862,-0.67421061)|0.00000970|
0x0-1 |(0.61834848,0.50685358)(-0.60530835,0.30056077)|0.00000019|
0x1-1 |(0.80887461,0.60576046)(0.39319351,0.18811488)|0.00000132|
0x2-1 |(0.18630569,0.76673627)(0.11438017,-0.20999143)|0.00000000|
0x3-1 |(0.34927729,0.60063553)(0.24329916,0.08938269)|0.00000002|
0x4-1 |(0.53700781,0.35400689)(0.03814714,0.06259790)|0.00000000|
0x5-1 |(0.61850947,0.32264364)(0.05152785,0.35508451)|0.00000000|
0x6-1 |(0.27467325,0.38783750)(-0.01211612,0.15413544)|0.00000000|
0x7-1 |(0.55842894,0.47372571)(-0.15393391,0.40967709)|0.00000001|
0x8-1 |(0.55184376,0.47690120)(-0.06913158,0.20001531)|0.00000000|
0x9-1 |(0.55018741,0.62307125)(-0.09066552,0.25896513)|0.00000004|
0x10-1 |(0.51478571,0.63614231)(-0.06219070,0.31431586)|0.00000011|
0x11-1 |(0.53190720,0.63759327)(-0.02766110,0.29168573)|0.00000013|
0x12-1 |(0.30723938,0.49001941)(-0.09021964,0.21383974)|0.00000011|
0x13-1 |(0.34711078,0.64200717)(-0.07929067,0.27101868)|0.00000010|
0x14-1 |(0.51461333,0.49959734)(-0.17301744,0.17334628)|0.00000005|
0x15-1 |(0.30454949,0.77075464)(-0.09056407,0.02225036)|0.00000028|
0x16-1 |(0.40342698,0.63401586)(0.23307723,0.01625147)|0.00000009|
0x17-1 |(0.96092963,0.93074208)(0.35814065,-0.48633507)|0.00000000|
0x18-1 |(0.00728363,0.31890681)(0.46422657,0.90440553)|0.00000000|
1x0-1 |(0.92903084,0.39538252)(-0.70386082,-0.01460367)|0.00000002|
1x1-1 |(0.34737635,0.51018625)(0.36371079,-0.53707314)|0.00000008|
1x2-1 |(0.19941637,0.36900440)(0.30140316,-0.35829520)|0.00000001|
1x3-1 |(0.23444173,0.44039303)(0.12215070,-0.19648778)|0.00000001|
1x4-1 |(0.43029302,0.34051055)(0.07001881,-0.22032335)|0.00000000|
1x5-1 |(0.64229816,0.55058044)(-0.08374687,-0.21267134)|0.00000000|
1x6-1 |(0.25639477,0.21086608)(-0.11597914,-0.19212353)|0.00000000|
1x7-1 |(0.52445310,0.44800979)(-0.23682958,-0.09386232)|0.00000000|
1x8-1 |(0.69917709,0.21182616)(-0.13504100,-0.15022367)|0.00000000|
1x9-1 |(0.76363605,0.29425108)(-0.24333829,-0.08101462)|0.00000000|
1x10-1 |(0.73227906,0.32958508)(-0.28732657,0.00820121)|0.00000001|
1x11-1 |(0.77768701,0.45881146)(-0.20868161,-0.01622050)|0.00000001|
1x12-1 |(0.60310441,0.19574022)(-0.30277881,0.08428713)|0.00000001|
1x13-1 |(0.57360524,0.45461723)(-0.23821968,0.30606773)|0.00000001|
1x14-1 |(0.41651884,0.22696681)(-0.19926858,0.28433296)|0.00000000|
1x15-1 |(0.66602069,0.48561731)(-0.20902750,0.20091423)|0.00000026|
1x16-1 |(0.12520759,0.23644732)(-0.40504113,0.22722149)|0.00000013|
1x17-1 |(0.66004932,0.49256161)(0.04227423,-0.16797590)|0.00000001|
1x18-1 |(0.04262903,0.26811931)(0.16167757,-0.27682367)|0.00000000|
2x0-1 |(0.87216002,0.47408125)(-0.09211988,0.07420784)|0.00000002|
2x1-1 |(0.49811670,0.42427495)(0.46099040,-0.36431751)|0.00000010|
2x2-1 |(0.24582715,0.31789881)(0.44850087,-0.17027876)|0.00000000|
2x3-1 |(0.41695443,0.44293538)(0.13861868,0.26675653)|0.00000000|
2x4-1 |(0.62413687,0.42349589)(-0.20729786,0.22798914)|0.00000000|
2x5-1 |(0.59121889,0.33255821)(-0.17539898,0.29146218)|0.00000000|
2x6-1 |(0.22541529,0.18834129)(-0.12535842,0.02231779)|0.00000000|
2x7-1 |(0.39401177,0.46884307)(-0.05585149,0.18440396)|0.00000000|
2x8-1 |(0.56694514,0.44457918)(-0.09172625,0.05385183)|0.00000000|
2x9-1 |(0.53210098,0.51332849)(-0.11439309,0.09518375)|0.00000005|
2x10-1 |(0.41455862,0.53304189)(-0.07078125,0.13058595)|0.00000020|
2x11-1 |(0.43519136,0.52370459)(-0.07814538,0.12776853)|0.00000033|
2x12-1 |(0.25938389,0.41318738)(-0.15812430,0.10341256)|0.00000013|
2x13-1 |(0.31416881,0.44009987)(-0.16102004,0.16846532)|0.00000014|
2x14-1 |(0.21236780,0.45881557)(-0.23193887,0.32132575)|0.00000005|
2x15-1 |(0.56642139,0.48389181)(-0.17704633,0.16435537)|0.00000101|
2x16-1 |(0.37629485,0.52088928)(-0.09834787,0.04837444)|0.00000066|
2x17-1 |(0.40823382,0.57184500)(0.04470424,-0.16322321)|0.00000212|
2x18-1 |(0.27982292,0.32262278)(-0.05249491,0.08469517)|0.00000016|
3x0-1 |(0.76825207,0.20527984)(-0.16044173,0.03884824)|0.00000000|
3x1-1 |(0.51190811,0.27461886)(0.20847881,-0.29081067)|0.00000000|
3x2-1 |(0.53319353,0.28936929)(-0.07606339,-0.05265868)|0.00000000|
3x3-1 |(0.53962183,0.40396854)(-0.13621509,0.08677115)|0.00000000|
3x4-1 |(0.65191913,0.36703518)(-0.18328366,0.24287224)|0.00000000|
3x5-1 |(0.53613466,0.35907045)(-0.19373384,0.17844510)|0.00000000|
3x6-1 |(0.42521200,0.17682643)(-0.18104556,-0.13014179)|0.00000000|
3x7-1 |(0.49227914,0.41834345)(-0.10467040,-0.05889880)|0.00000000|
3x8-1 |(0.63234848,0.27504376)(-0.19236919,-0.06476697)|0.00000000|
3x9-1 |(0.68982893,0.27425262)(-0.25549912,-0.00455499)|0.00000002|
3x10-1 |(0.59453791,0.27772430)(-0.22994721,0.01145309)|0.00000003|
3x11-1 |(0.59187812,0.27836049)(-0.17797190,0.10974588)|0.00000009|
3x12-1 |(0.50048822,0.23723020)(-0.28473866,0.22234643)|0.00000007|
3x13-1 |(0.51235420,0.32146531)(-0.32742065,0.22451022)|0.00000005|
3x14-1 |(0.39426708,0.20822345)(-0.38254401,0.37517884)|0.00000005|
3x15-1 |(0.54084361,0.20306149)(-0.34057471,0.44148055)|0.00000020|
3x16-1 |(0.40970814,0.19355614)(-0.25287879,0.70408154)|0.00000001|
3x17-1 |(0.83310539,0.31140137)(-0.47283086,0.46096033)|0.00000011|
3x18-1 |(0.31362307,0.47553638)(-0.43296984,0.70593566)|0.00000012|
4x0-1 |(0.60680538,0.24693616)(-0.02018414,0.16076270)|0.00000000|
4x1-1 |(0.58700848,0.30081192)(-0.04439405,0.01932340)|0.00000000|
4x2-1 |(0.44654030,0.25062090)(0.07591609,-0.03702938)|0.00000000|
4x3-1 |(0.46849704,0.28918186)(0.03315746,0.04648393)|0.00000000|
4x4-1 |(0.60831720,0.23731071)(-0.07377260,0.31730798)|0.00000000|
4x5-1 |(0.52681988,0.31231263)(-0.05852170,0.08208812)|0.00000000|
4x6-1 |(0.33910504,0.33617666)(-0.06629096,-0.08372384)|0.00000000|
4x7-1 |(0.45444548,0.50605512)(0.14697543,-0.06769777)|0.00000000|
4x8-1 |(0.49911037,0.48479396)(0.21268299,-0.16859734)|0.00000000|
4x9-1 |(0.52117646,0.45297217)(0.16045055,-0.15219134)|0.00000000|
4x10-1 |(0.46458736,0.56196541)(0.12978491,-0.17000851)|0.00000000|
4x11-1 |(0.48507205,0.59854120)(0.06875823,-0.13583618)|0.00000000|
4x12-1 |(0.47755885,0.44655257)(-0.07887159,0.15365776)|0.00000002|
4x13-1 |(0.52649069,0.40058729)(-0.17414036,0.24076664)|0.00000001|
4x14-1 |(0.32695106,0.34737563)(-0.10559126,0.29793975)|0.00000001|
4x15-1 |(0.53866792,0.51001465)(-0.16305804,0.11332225)|0.00000000|
4x16-1 |(0.68641269,0.50782013)(-0.11698303,0.26694912)|0.00000001|
4x17-1 |(0.54084998,0.54943252)(-0.25490835,0.11802102)|0.00000023|
4x18-1 |(0.51943702,0.35265273)(-0.08021358,0.33194926)|0.00000011|
5x0-1 |(0.55266356,0.49103555)(0.01094258,0.18909398)|0.00000000|
5x1-1 |(0.52902949,0.47761193)(-0.13968056,0.00966995)|0.00000000|
5x2-1 |(0.44960597,0.46549442)(0.06124800,-0.03318464)|0.00000000|
5x3-1 |(0.56083381,0.61629343)(0.31689218,-0.23340541)|0.00000000|
5x4-1 |(0.51544785,0.53257978)(0.07176353,-0.01971560)|0.00000000|
5x5-1 |(0.54685855,0.61169845)(0.21602610,-0.23365518)|0.00000001|
5x6-1 |(0.39022520,0.57785791)(0.32233608,-0.27930045)|0.00000001|
5x7-1 |(0.47534612,0.59534097)(0.35464311,-0.31124654)|0.00000001|
5x8-1 |(0.52196985,0.66987294)(0.31677932,-0.29747811)|0.00000002|
5x9-1 |(0.58859444,0.64753330)(0.30737728,-0.32271311)|0.00000006|
5x10-1 |(0.58903927,0.65386552)(0.35200399,-0.36448213)|0.00000018|
5x11-1 |(0.50388443,0.67763722)(0.30732900,-0.31531402)|0.00000025|
5x12-1 |(0.49513727,0.68120736)(0.15578261,-0.21544957)|0.00000007|
5x13-1 |(0.51535803,0.71701360)(0.10305993,-0.14625058)|0.00000004|
5x14-1 |(0.55280823,0.73629689)(0.21691626,-0.12940234)|0.00000010|
5x15-1 |(0.68079245,0.76642156)(0.05566935,-0.20971692)|0.00000016|
5x16-1 |(0.59324735,0.68804616)(-0.06133852,-0.14235002)|0.00000134|
5x17-1 |(0.35996199,0.63231015)(-0.23365214,-0.06955499)|0.00000057|
5x18-1 |(0.45334205,0.44447356)(-0.10338034,0.35893962)|0.00000008|
6x0-1 |(0.67490220,0.55830747)(-0.22825620,0.37155035)|0.00000000|
6x1-1 |(0.55942214,0.73251265)(-0.36454231,0.10232900)|0.00000003|
6x2-1 |(0.47708938,0.80903053)(-0.04141905,-0.11418450)|0.00000000|
6x3-1 |(0.65779519,0.82879049)(0.31641749,-0.36517116)|0.00000001|
6x4-1 |(0.61215276,0.71779335)(0.21816421,-0.31047389)|0.00000007|
6x5-1 |(0.50327122,0.69735527)(0.25828725,-0.35413164)|0.00000106|
6x6-1 |(0.40970868,0.65412110)(0.32777184,-0.31588882)|0.00000022|
6x7-1 |(0.44646388,0.66820753)(0.38344091,-0.31426641)|0.00000025|
6x8-1 |(0.49229845,0.61456037)(0.30740032,-0.29849064)|0.00000005|
6x9-1 |(0.53854418,0.62813061)(0.22375524,-0.29062599)|0.00000014|
6x10-1 |(0.47839275,0.61496758)(0.28041631,-0.25832412)|0.00000046|
6x11-1 |(0.48872688,0.60042924)(0.18893600,-0.21473944)|0.00000159|
6x12-1 |(0.57122159,0.66894436)(0.06894828,-0.12957397)|0.00000184|
6x13-1 |(0.54063952,0.71920550)(0.09872263,-0.10634837)|0.00000189|
6x14-1 |(0.55102974,0.68073314)(0.19018975,-0.09501735)|0.00000360|
6x15-1 |(0.75590539,0.75204062)(0.07655511,-0.11748361)|0.00001398|
6x16-1 |(0.55280101,0.72509885)(-0.08214386,-0.09834293)|0.00005515|
6x17-1 |(0.31973153,0.69321114)(-0.21647280,0.03868118)|0.00000557|
6x18-1 |(0.35595578,0.61271393)(-0.09219595,0.41022804)|0.00000036|
7x0-1 |(0.68042696,0.51351243)(-0.46615335,0.48536119)|0.00000000|
7x1-1 |(0.51683354,0.61836982)(-0.52606285,0.04663475)|0.00000118|
7x2-1 |(0.46708336,0.66189134)(-0.08969664,-0.10748886)|0.00000024|
7x3-1 |(0.56769156,0.63617647)(0.35242265,-0.34493640)|0.00000111|
7x4-1 |(0.61964977,0.58434582)(0.23175102,-0.39157683)|0.00000060|
7x5-1 |(0.54221350,0.72855401)(0.17986706,-0.61120576)|0.00005206|
7x6-1 |(0.36758572,0.70023865)(0.41538149,-0.60347593)|0.00000309|
7x7-1 |(0.45213938,0.57938796)(0.48617041,-0.54004335)|0.00000116|
7x8-1 |(0.44363737,0.57389271)(0.45585522,-0.47363910)|0.00000106|
7x9-1 |(0.62904263,0.54985374)(0.30922204,-0.38133341)|0.00000719|
7x10-1 |(0.38508484,0.57802176)(0.22545281,-0.39811674)|0.00000682|
7x11-1 |(0.55224931,0.46667472)(0.13927287,-0.27867284)|0.00001385|
7x12-1 |(0.70964199,0.60947591)(0.08998892,-0.21197382)|0.00011383|
7x13-1 |(0.51388073,0.69808108)(0.05772987,-0.13746652)|0.00006674|
7x14-1 |(0.46358988,0.66274464)(0.30163652,-0.17230415)|0.00004784|
7x15-1 |(0.74827868,0.66724342)(0.15883583,-0.10622770)|0.00009955|
7x16-1 |(0.49994564,0.70599395)(-0.07254140,-0.04213927)|0.00113395|
7x17-1 |(0.26467854,0.67877287)(-0.18085426,0.03642800)|0.00008121|
7x18-1 |(0.29320481,0.54731381)(-0.10591493,0.35585552)|0.00000257|
8x0-1 |(0.71249211,0.54520136)(-0.60425138,0.65649241)|0.00000002|
8x1-1 |(0.57690966,0.56042713)(-0.58882946,0.22945002)|0.00000476|
8x2-1 |(0.54640949,0.56793469)(-0.12334649,0.01311713)|0.00000263|
8x3-1 |(0.55261081,0.61132860)(0.11332472,-0.15274569)|0.00000369|
8x4-1 |(0.66577703,0.64441544)(0.06905948,-0.35985011)|0.00000978|
8x5-1 |(0.61021715,0.61555183)(0.05411027,-0.45988515)|0.00087894|
8x6-1 |(0.28504747,0.69202864)(0.23189157,-0.43971971)|0.00004626|
8x7-1 |(0.41048628,0.65585715)(0.42718431,-0.46654353)|0.00000419|
8x8-1 |(0.51289827,0.69224930)(0.60686958,-0.51206076)|0.00003088|
8x9-1 |(0.59755081,0.64797068)(0.45331627,-0.42869499)|0.00012398|
8x10-1 |(0.29555485,0.61845779)(0.30140308,-0.34212998)|0.00004364|
8x11-1 |(0.49750260,0.53029567)(0.06109263,-0.27911150)|0.00000867|
8x12-1 |(0.67674905,0.42443812)(0.03639103,-0.20833409)|0.00009543|
8x13-1 |(0.51055557,0.48471552)(0.15374514,-0.22896510)|0.00006930|
8x14-1 |(0.55440068,0.59213263)(0.27573556,-0.26193994)|0.00028478|
8x15-1 |(0.65637368,0.60192817)(0.16402370,-0.10194349)|0.00031436|
8x16-1 |(0.50387836,0.61411810)(-0.06711223,-0.11553807)|0.00348671|
8x17-1 |(0.24115112,0.66905171)(-0.19579643,0.02401818)|0.00042182|
8x18-1 |(0.29523090,0.53810346)(-0.16472387,0.35455602)|0.00000388|
9x0-1 |(0.74637085,0.55792016)(-0.67719579,0.61968970)|0.00000016|
9x1-1 |(0.53560352,0.58962399)(-0.53337359,0.25185969)|0.00001757|
9x2-1 |(0.53002614,0.59810203)(-0.15263999,-0.01038834)|0.00000275|
9x3-1 |(0.51015872,0.62484503)(-0.05058825,-0.16101056)|0.00000523|
9x4-1 |(0.67145872,0.56359446)(-0.01522003,-0.20762897)|0.00002754|
9x5-1 |(0.57523149,0.46054441)(0.33865619,-0.33485723)|0.00083811|
9x6-1 |(0.36821210,0.49139649)(0.32056037,-0.37051618)|0.00014300|
9x7-1 |(0.49758437,0.58830303)(0.47027883,-0.38174453)|0.00005385|
9x8-1 |(0.56068796,0.55143672)(0.53851134,-0.41216150)|0.00018366|
9x9-1 |(0.57540703,0.59151530)(0.49279517,-0.44735041)|0.00122885|
9x10-1 |(0.25977767,0.55105060)(0.42085811,-0.35422221)|0.00036719|
9x11-1 |(0.48993406,0.60594773)(0.04354625,-0.28422633)|0.00002537|
9x12-1 |(0.55775726,0.56724644)(0.02980389,-0.24680871)|0.00004374|
9x13-1 |(0.82049334,0.77598834)(0.00664639,-0.21672881)|0.00116808|
9x14-1 |(0.62375361,0.87419677)(-0.08313790,-0.17513236)|0.90099329|
9x15-1 |(0.29047298,0.71738827)(0.02849413,-0.12057044)|0.01902661|
9x16-1 |(0.55713028,0.44661823)(-0.08957276,0.00739495)|0.00280907|
9x17-1 |(0.19489482,0.50606680)(-0.28309196,0.06418286)|0.00041967|
9x18-1 |(0.26979771,0.45168397)(-0.22839552,0.41191539)|0.00000253|
10x0-1 |(0.71463215,0.36655921)(-0.69960076,0.55043834)|0.00000054|
10x1-1 |(0.52516699,0.46240452)(-0.50385380,0.15355116)|0.00001965|
10x2-1 |(0.58229965,0.55072904)(-0.21055678,-0.11191592)|0.00000480|
10x3-1 |(0.44351795,0.51388997)(-0.11964739,-0.29681003)|0.00000950|
10x4-1 |(0.52008915,0.37105718)(-0.07695765,-0.32541478)|0.00001668|
10x5-1 |(0.65560913,0.30652004)(0.52013898,-0.42904601)|0.00134322|
10x6-1 |(0.43846005,0.32356218)(0.52553767,-0.43566740)|0.00105618|
10x7-1 |(0.45067826,0.42271081)(0.55598754,-0.37376162)|0.00008948|
10x8-1 |(0.46038982,0.32660478)(0.62811005,-0.40813318)|0.00009726|
10x9-1 |(0.55008411,0.32360741)(0.54728854,-0.55409813)|0.00037945|
10x10-1 |(0.26035976,0.30943012)(0.46447688,-0.53592867)|0.00031843|
10x11-1 |(0.51283467,0.31241211)(0.11275954,-0.42932695)|0.00001958|
10x12-1 |(0.55990165,0.39070010)(0.13702577,-0.31314307)|0.00004290|
10x13-1 |(0.89458907,0.44419998)(-0.04497932,-0.15968704)|0.03895115|
10x14-1 |(0.58160502,0.40294069)(-0.10862473,-0.11783440)|0.99013841|
10x15-1 |(0.13151270,0.38588098)(0.07874475,-0.11585668)|0.12983362|
10x16-1 |(0.53976661,0.30833524)(-0.08793192,0.06440865)|0.00035307|
10x17-1 |(0.31514832,0.46315134)(-0.37320143,0.13452579)|0.00019965|
10x18-1 |(0.24765047,0.51825279)(-0.38020620,0.53158402)|0.00000140|
11x0-1 |(0.75732249,0.57911634)(-0.72445029,0.28476387)|0.00000144|
11x1-1 |(0.48241571,0.69821590)(-0.47208869,-0.02760670)|0.00024030|
11x2-1 |(0.44986817,0.49619165)(-0.24973854,-0.01522735)|0.00006254|
11x3-1 |(0.34605572,0.40961456)(-0.04598633,-0.01576102)|0.00000599|
11x4-1 |(0.56316483,0.36928949)(0.07826898,-0.04096390)|0.00000467|
11x5-1 |(0.57321185,0.29675791)(0.44362342,-0.16414717)|0.00007977|
11x6-1 |(0.44996223,0.25703493)(0.51402241,-0.21173823)|0.00010450|
11x7-1 |(0.51437724,0.29401153)(0.37747705,-0.12140238)|0.00004338|
11x8-1 |(0.42010459,0.20222417)(0.56574726,-0.20045537)|0.00000790|
11x9-1 |(0.57021993,0.20151666)(0.51470250,-0.31394050)|0.00000993|
11x10-1 |(0.38677964,0.23484819)(0.39245343,-0.25236225)|0.00000927|
11x11-1 |(0.62673938,0.26803678)(0.21281976,-0.26036733)|0.00000451|
11x12-1 |(0.55359542,0.32994679)(0.17548609,-0.31718269)|0.00001076|
11x13-1 |(0.79862833,0.20648223)(-0.03658552,-0.32176423)|0.00052275|
11x14-1 |(0.45247900,0.13562858)(-0.16256821,-0.22328687)|0.41003358|
11x15-1 |(0.22543705,0.16359228)(0.11628609,-0.16240644)|0.00131560|
11x16-1 |(0.52926445,0.26101691)(-0.07424338,-0.01405845)|0.00003121|
11x17-1 |(0.41393799,0.25318724)(-0.32587707,0.13656330)|0.00003417|
11x18-1 |(0.33998987,0.36138371)(-0.44020551,0.45373186)|0.00000090|
12x0-1 |(0.74326652,0.17489873)(-0.79955626,0.18135363)|0.00000099|
12x1-1 |(0.50444609,0.22357373)(-0.43208447,-0.14927968)|0.00026937|
12x2-1 |(0.32520524,0.33855125)(-0.20014596,-0.09338327)|0.00003143|
12x3-1 |(0.41521850,0.38322681)(0.07109793,-0.13349348)|0.00000189|
12x4-1 |(0.49230272,0.43163067)(0.25853488,-0.13178879)|0.00000054|
12x5-1 |(0.53729802,0.45032755)(0.43961769,-0.27135804)|0.00000127|
12x6-1 |(0.60551465,0.58704746)(0.43730789,-0.32351911)|0.00000235|
12x7-1 |(0.57393348,0.69993514)(0.22589484,-0.41044378)|0.00018623|
12x8-1 |(0.22175089,0.54871947)(0.29791212,-0.38326964)|0.00000364|
12x9-1 |(0.38861194,0.43850639)(0.51315778,-0.42480779)|0.00000084|
12x10-1 |(0.42329055,0.46641064)(0.42169422,-0.34818435)|0.00000108|
12x11-1 |(0.64405906,0.43713599)(0.40155196,-0.35221493)|0.00000037|
12x12-1 |(0.51185083,0.34918261)(0.32620785,-0.38871223)|0.00000143|
12x13-1 |(0.57550615,0.19587272)(0.16925520,-0.34029585)|0.00000261|
12x14-1 |(0.40862346,0.13224198)(-0.01713600,-0.27026632)|0.00002638|
12x15-1 |(0.41655570,0.21981783)(0.14578095,-0.20353505)|0.00000252|
12x16-1 |(0.57380998,0.33392161)(-0.00136115,-0.10790874)|0.00000225|
12x17-1 |(0.42761809,0.27770466)(-0.25473088,0.10550081)|0.00000223|
12x18-1 |(0.50704336,0.36814457)(-0.34696466,0.42557272)|0.00000057|
13x0-1 |(0.65961522,0.24961609)(-0.46098864,0.40263411)|0.00000006|
13x1-1 |(0.61532140,0.19428381)(-0.26449263,-0.13982359)|0.00000165|
13x2-1 |(0.47384366,0.23246394)(-0.08876811,-0.25187147)|0.00000373|
13x3-1 |(0.52672464,0.23861124)(0.16437191,-0.36832327)|0.00000152|
13x4-1 |(0.46280056,0.22175588)(0.18136069,-0.41543800)|0.00000038|
13x5-1 |(0.60001779,0.17951761)(0.29195449,-0.50044507)|0.00000040|
13x6-1 |(0.69008857,0.21221949)(0.33632222,-0.60977674)|0.00001391|
13x7-1 |(0.56391829,0.25344610)(0.02482560,-0.53954726)|0.01894819|
13x8-1 |(0.19168602,0.24311227)(0.10992814,-0.56223679)|0.00009307|
13x9-1 |(0.37654075,0.22218105)(0.59412384,-0.62366265)|0.00000180|
13x10-1 |(0.45777395,0.22126684)(0.52101129,-0.46832883)|0.00000069|
13x11-1 |(0.62728709,0.21220775)(0.50394118,-0.44537696)|0.00000018|
13x12-1 |(0.54649854,0.21198213)(0.51176065,-0.47174698)|0.00000024|
13x13-1 |(0.62399566,0.28229779)(0.47820655,-0.42391407)|0.00000029|
13x14-1 |(0.40804687,0.30212155)(0.29432365,-0.30430406)|0.00000045|
13x15-1 |(0.44626445,0.25276077)(0.11959080,-0.22460836)|0.00000078|
13x16-1 |(0.41544035,0.21503438)(-0.03660648,-0.10615614)|0.00000016|
13x17-1 |(0.38829368,0.26494288)(-0.35811663,0.02179141)|0.00000023|
13x18-1 |(0.57046956,0.38610521)(-0.34455818,0.47374415)|0.00000008|
14x0-1 |(0.65879118,0.52901971)(-0.36389941,0.60256851)|0.00000005|
14x1-1 |(0.62981272,0.46515122)(-0.23265353,0.19913152)|0.00000171|
14x2-1 |(0.43099770,0.42700222)(-0.13606673,0.08006848)|0.00000114|
14x3-1 |(0.46829051,0.34824398)(0.07579021,-0.00757755)|0.00000009|
14x4-1 |(0.52275515,0.29733828)(0.07510668,-0.18945420)|0.00000003|
14x5-1 |(0.64219862,0.28040937)(0.13865700,-0.29125702)|0.00000002|
14x6-1 |(0.69052458,0.23288909)(0.18560651,-0.41373840)|0.00000014|
14x7-1 |(0.60445940,0.16032493)(-0.06307903,-0.34677446)|0.00000125|
14x8-1 |(0.32958660,0.17950307)(0.10657035,-0.39083487)|0.00000002|
14x9-1 |(0.51770222,0.29935142)(0.42822275,-0.31502593)|0.00000002|
14x10-1 |(0.52158362,0.31775168)(0.38944772,-0.27605495)|0.00000001|
14x11-1 |(0.64732301,0.32134300)(0.36516798,-0.29862040)|0.00000000|
14x12-1 |(0.53691691,0.32166502)(0.43728858,-0.33751211)|0.00000000|
14x13-1 |(0.63350880,0.34695756)(0.47865635,-0.33942223)|0.00000001|
14x14-1 |(0.37489101,0.42309201)(0.36293593,-0.30279487)|0.00000003|
14x15-1 |(0.46782315,0.48919523)(0.09230828,-0.03465574)|0.00000005|
14x16-1 |(0.35602850,0.59574932)(-0.00291088,-0.00713719)|0.00000001|
14x17-1 |(0.45007300,0.61447442)(-0.32916689,0.20027959)|0.00000005|
14x18-1 |(0.57091987,0.57926142)(-0.40606791,0.42511156)|0.00000003|
15x0-1 |(0.76827210,0.57180256)(-0.20513776,0.55204803)|0.00000042|
15x1-1 |(0.50485891,0.41937327)(-0.00355236,0.27361473)|0.00001174|
15x2-1 |(0.30837426,0.49212077)(-0.11051096,0.26430219)|0.00000078|
15x3-1 |(0.47556442,0.49598053)(-0.00706224,0.33866036)|0.00000012|
15x4-1 |(0.44186375,0.51667339)(-0.01558384,0.29032612)|0.00000003|
15x5-1 |(0.62869388,0.45188686)(0.01057049,0.11907644)|0.00000002|
15x6-1 |(0.69753832,0.48323378)(0.05875099,0.00222510)|0.00000006|
15x7-1 |(0.46305552,0.47552359)(-0.02635217,0.06392720)|0.00000015|
15x8-1 |(0.36351088,0.51553845)(-0.03050192,0.01608432)|0.00000001|
15x9-1 |(0.60212237,0.56957799)(0.07831031,-0.04827380)|0.00000001|
15x10-1 |(0.51142341,0.58847868)(0.13993913,-0.10882855)|0.00000001|
15x11-1 |(0.65655863,0.57943892)(0.17411378,-0.16501957)|0.00000000|
15x12-1 |(0.53984261,0.68128890)(0.21478909,-0.22004083)|0.00000001|
15x13-1 |(0.71306962,0.60028744)(0.31672913,-0.13935342)|0.00000002|
15x14-1 |(0.36831361,0.47123984)(0.17808661,-0.05977891)|0.00000002|
15x15-1 |(0.51849020,0.49230278)(-0.04090873,0.10270549)|0.00000001|
15x16-1 |(0.51252878,0.52201337)(0.18392360,-0.00187685)|0.00000001|
15x17-1 |(0.46071488,0.67064691)(-0.26929653,-0.06582056)|0.00000020|
15x18-1 |(0.47212970,0.28670597)(-0.18774572,0.08468203)|0.00000001|
16x0-1 |(0.79289395,0.33284003)(-0.17898211,0.16766626)|0.00000017|
16x1-1 |(0.41493192,0.46249074)(0.04898567,-0.30077738)|0.00000053|
16x2-1 |(0.24131480,0.45309451)(-0.03939076,-0.04145495)|0.00000034|
16x3-1 |(0.36861077,0.49368519)(-0.14092878,0.24395624)|0.00000003|
16x4-1 |(0.42475909,0.54861188)(-0.22896326,0.26410410)|0.00000000|
16x5-1 |(0.56638879,0.50553274)(0.00049881,0.17502499)|0.00000000|
16x6-1 |(0.52203059,0.40117103)(-0.12807047,-0.02955889)|0.00000000|
16x7-1 |(0.42178077,0.42080289)(-0.08803453,0.03526717)|0.00000002|
16x8-1 |(0.50885791,0.46124938)(-0.07430118,-0.09685832)|0.00000000|
16x9-1 |(0.58664978,0.51518404)(-0.04566386,-0.12560490)|0.00000002|
16x10-1 |(0.53158784,0.55905509)(-0.04343204,-0.18480149)|0.00000006|
16x11-1 |(0.60208082,0.56630778)(0.10366005,-0.27220222)|0.00000004|
16x12-1 |(0.45468357,0.50341171)(0.06093699,-0.22027221)|0.00000009|
16x13-1 |(0.51801938,0.60422963)(0.28526956,-0.11740891)|0.00000013|
16x14-1 |(0.31601125,0.46729442)(0.13333970,-0.04243696)|0.00000001|
16x15-1 |(0.61033243,0.63163954)(0.05507364,0.10946772)|0.00000003|
16x16-1 |(0.42782751,0.55649233)(0.29668373,0.07942349)|0.00000002|
16x17-1 |(0.69484848,0.54751408)(0.25520235,-0.21993119)|0.00000035|
16x18-1 |(0.31868491,0.26792198)(0.08370864,-0.06522838)|0.00000019|
17x0-1 |(0.96035790,0.29928613)(-0.48578826,0.03355754)|0.00000002|
17x1-1 |(0.38551062,0.46546984)(0.39455807,-0.87809914)|0.00000004|
17x2-1 |(0.12238125,0.36467782)(0.23999086,-0.35606471)|0.00000002|
17x3-1 |(0.17507493,0.52491426)(-0.10472739,0.22932282)|0.00000000|
17x4-1 |(0.56962621,0.39555129)(-0.28210047,0.22180381)|0.00000000|
17x5-1 |(0.59896845,0.58716232)(-0.17833853,0.25602502)|0.00000000|
17x6-1 |(0.27112538,0.53709972)(-0.09719796,0.14886263)|0.00000000|
17x7-1 |(0.41505757,0.56076437)(-0.15134177,0.11962721)|0.00000000|
17x8-1 |(0.53387719,0.53216940)(-0.11470935,0.01481957)|0.00000000|
17x9-1 |(0.52544063,0.56560534)(-0.01419863,-0.04724885)|0.00000001|
17x10-1 |(0.52055705,0.55484188)(0.05821908,-0.12054994)|0.00000003|
17x11-1 |(0.55788720,0.49418381)(0.14884454,-0.26452836)|0.00000003|
17x12-1 |(0.44511610,0.43937698)(0.21888629,-0.37016568)|0.00000001|
17x13-1 |(0.47052810,0.34099209)(0.24777332,-0.25213227)|0.00000001|
17x14-1 |(0.36057362,0.39414853)(0.35741308,-0.22075012)|0.00000000|
17x15-1 |(0.67726272,0.23204955)(0.00022052,-0.09336633)|0.00000003|
17x16-1 |(0.22512782,0.13331917)(0.08066338,0.03309904)|0.00000001|
17x17-1 |(0.44354984,0.31905270)(0.25667411,-0.52252507)|0.00000001|
17x18-1 |(0.42024711,0.07016947)(0.73801714,-0.77279830)|0.00000000|
18x0-1 |(0.64953047,0.28359127)(0.41287181,0.45252267)|0.00000007|
18x1-1 |(0.47833505,0.45262307)(0.48494154,-0.00453641)|0.00000067|
18x2-1 |(0.27436429,0.27502453)(0.15466934,-0.03165490)|0.00000005|
18x3-1 |(0.38823932,0.44398564)(-0.19307169,0.50097013)|0.00000004|
18x4-1 |(0.71354938,0.54632258)(-0.20870772,0.59470022)|0.00000000|
18x5-1 |(0.66973138,0.52979851)(-0.07936017,0.54344797)|0.00000000|
18x6-1 |(0.51907855,0.33175126)(-0.32237163,0.38415948)|0.00000001|
18x7-1 |(0.56676716,0.48238897)(-0.18981287,0.45959342)|0.00000007|
18x8-1 |(0.65097558,0.43251708)(-0.14292672,0.41021988)|0.00000004|
18x9-1 |(0.66197979,0.46326143)(-0.13024300,0.36096102)|0.00000017|
18x10-1 |(0.62695634,0.45605049)(-0.16427916,0.40586284)|0.00000050|
18x11-1 |(0.57973260,0.46877652)(-0.13013484,0.40457335)|0.00000138|
18x12-1 |(0.57993889,0.37183738)(-0.24649245,0.50588959)|0.00000020|
18x13-1 |(0.45597368,0.52478266)(-0.21611539,0.50580639)|0.00000010|
18x14-1 |(0.42580259,0.54750007)(-0.15223560,0.59057862)|0.00000014|
18x15-1 |(0.61633629,0.54445398)(-0.01826178,0.22450277)|0.00000002|
18x16-1 |(0.21817486,0.50809002)(0.05823427,0.07024501)|0.00000004|
18x17-1 |(0.89231646,0.33655733)(0.97737753,0.02302017)|0.00000000|
18x18-1 |(0.30800682,0.60594755)(0.68115479,0.67472053)|0.00000180|
0x0-2 |(0.79631162,0.24415617)(0.17452802,-0.19715101)|0.00000000|
0x1-2 |(0.59899116,0.64731169)(-0.66935486,0.04291560)|0.00000005|
0x2-2 |(0.41717100,0.81069928)(-0.25284994,-0.49946886)|0.00000000|
0x3-2 |(0.26911461,0.57431328)(-0.38123381,-0.02889330)|0.00000000|
0x4-2 |(0.20091008,0.28593045)(-0.19589955,-0.01475083)|0.00000000|
0x5-2 |(0.64519078,0.35469362)(-0.36363161,0.05268709)|0.00000000|
0x6-2 |(0.09033608,0.14223492)(-0.21068680,-0.21180537)|0.00000000|
0x7-2 |(0.60432035,0.42212063)(-0.06743357,0.16995309)|0.00000000|
0x8-2 |(0.40438703,0.42512771)(0.13152179,0.07071158)|0.00000000|
0x9-2 |(0.32848319,0.62926406)(0.20840956,0.17148441)|0.00000004|
0x10-2 |(0.25360677,0.57527232)(0.09192637,0.20444958)|0.00000001|
0x11-2 |(0.52504730,0.54179674)(-0.07040318,0.14805092)|0.00000001|
0x12-2 |(0.02427090,0.25730062)(-0.09042204,0.00260050)|0.00000000|
0x13-2 |(0.52398658,0.51627666)(-0.31488621,0.14806850)|0.00000000|
0x14-2 |(0.18868294,0.40007684)(-0.31860644,0.22029217)|0.00000000|
0x15-2 |(0.61952239,0.65574270)(-0.36369008,-0.02475290)|0.00000000|
0x16-2 |(0.42356825,0.77067274)(-0.14197403,0.28266397)|0.00000000|
0x17-2 |(0.43674338,0.96131754)(-0.51319343,-0.58932424)|0.00000000|
0x18-2 |(0.07244425,0.11719810)(-0.22200646,-0.27853289)|0.00000000|
1x0-2 |(0.60924333,0.40124279)(0.28212661,-0.69896400)|0.00000000|
1x1-2 |(0.42959073,0.72027045)(-0.20608269,-0.73160440)|0.00000000|
1x2-2 |(0.76493895,0.46999237)(-0.51669639,-0.87520951)|0.00000000|
1x3-2 |(0.40855503,0.49122465)(-0.35782069,-0.62850189)|0.00000000|
1x4-2 |(0.30260769,0.23072863)(-0.13505118,-0.59509760)|0.00000000|
1x5-2 |(0.73570496,0.38505727)(-0.26959449,-0.41388047)|0.00000000|
1x6-2 |(0.00703303,0.02539251)(-0.17735761,-0.82874566)|0.00000000|
1x7-2 |(0.57084596,0.45397884)(0.25176489,-0.36276266)|0.00000000|
1x8-2 |(0.24770597,0.09668805)(0.37511629,-0.45866922)|0.00000000|
1x9-2 |(0.09690746,0.16327651)(0.40436691,-0.19444689)|0.00000005|
1x10-2 |(0.03540010,0.15046132)(0.26647615,-0.12521094)|0.00000000|
1x11-2 |(0.24277043,0.46347043)(0.13747813,-0.18268248)|0.00000001|
1x12-2 |(0.00663728,0.02789274)(0.01967887,-0.24059714)|0.00000000|
1x13-2 |(0.42500547,0.49463460)(-0.37813580,-0.08256030)|0.00000000|
1x14-2 |(0.10918960,0.09782847)(-0.32881659,-0.01631660)|0.00000000|
1x15-2 |(0.51563329,0.53384161)(-0.46484840,-0.17963073)|0.00000000|
1x16-2 |(0.47093126,0.23368479)(-0.22708388,-0.07072584)|0.00000000|
1x17-2 |(0.82790643,0.41805822)(-0.62599742,-0.90607595)|0.00000000|
1x18-2 |(0.33450094,0.09992848)(-0.01935236,-0.40259749)|0.00000000|
2x0-2 |(0.63727146,0.30850503)(0.08670773,-0.18531024)|0.00000001|
2x1-2 |(0.78820306,0.46683818)(-0.48750359,-0.22064281)|0.00000000|
2x2-2 |(0.72202498,0.16792652)(-0.36713517,-0.38619214)|0.00000000|
2x3-2 |(0.31044197,0.49888900)(-0.21697658,-0.07157858)|0.00000000|
2x4-2 |(0.22641569,0.19341607)(-0.20213155,0.11345649)|0.00000000|
2x5-2 |(0.72669256,0.32421947)(-0.62488532,0.02957370)|0.00000000|
2x6-2 |(0.02439478,0.03806364)(-0.32174826,-0.71258789)|0.00000000|
2x7-2 |(0.45120662,0.49826902)(0.06982513,-0.38690561)|0.00000000|
2x8-2 |(0.42754352,0.43452737)(0.26940393,-0.70927864)|0.00000000|
2x9-2 |(0.21526816,0.52465856)(0.40931743,-0.36274007)|0.00000002|
2x10-2 |(0.05095563,0.60461968)(0.28428125,-0.44725466)|0.00000000|
2x11-2 |(0.21312654,0.54642606)(0.04441544,-0.32996851)|0.00000000|
2x12-2 |(0.01205753,0.17826743)(-0.06712885,-0.55077374)|0.00000000|
2x13-2 |(0.42337516,0.53481358)(-0.42217022,-0.00200306)|0.00000001|
2x14-2 |(0.03504425,0.31887186)(-0.31179237,-0.07971217)|0.00000000|
2x15-2 |(0.55157793,0.63189745)(-0.44654208,0.15734227)|0.00000000|
2x16-2 |(0.16761096,0.55649388)(-0.18241452,-0.24136186)|0.00000000|
2x17-2 |(0.62240046,0.56263095)(-0.66578758,-0.09853738)|0.00000000|
2x18-2 |(0.25114903,0.33681792)(-0.44479126,-0.37001491)|0.00000000|
3x0-2 |(0.32843873,0.15921538)(0.04762682,-0.24230795)|0.00000000|
3x1-2 |(0.71066475,0.29379827)(-0.41540164,-0.13766533)|0.00000000|
3x2-2 |(0.70626360,0.21425043)(-0.36992556,-0.50950164)|0.00000000|
3x3-2 |(0.40855819,0.59415525)(0.03018608,-0.26211172)|0.00000000|
3x4-2 |(0.34788442,0.22556502)(-0.13125373,-0.00424162)|0.00000000|
3x5-2 |(0.68428087,0.45716435)(-0.38835776,-0.05798942)|0.00000000|
3x6-2 |(0.06521843,0.06081604)(-0.14901495,-0.66206390)|0.00000000|
3x7-2 |(0.56965613,0.46697298)(0.25492001,-0.39716175)|0.00000000|
3x8-2 |(0.55353886,0.26952076)(0.42108458,-0.45447117)|0.00000000|
3x9-2 |(0.29879618,0.33948931)(0.46061647,-0.21343620)|0.00000005|
3x10-2 |(0.11023596,0.36264247)(0.37416667,-0.21678713)|0.00000001|
3x11-2 |(0.25168982,0.41029173)(0.14558434,-0.14988938)|0.00000002|
3x12-2 |(0.11608934,0.16424513)(0.01869597,-0.19900264)|0.00000000|
3x13-2 |(0.46111175,0.45252013)(-0.21222435,0.09177819)|0.00000003|
3x14-2 |(0.14503415,0.17733054)(-0.21503441,0.01098742)|0.00000001|
3x15-2 |(0.44000050,0.39074960)(-0.42408931,0.15523346)|0.00000002|
3x16-2 |(0.24528742,0.23083435)(-0.34205520,0.25417525)|0.00000000|
3x17-2 |(0.57027382,0.28016925)(-0.65959865,0.15837564)|0.00000002|
3x18-2 |(0.34538335,0.39240420)(-0.08565885,0.13123596)|0.00000000|
4x0-2 |(0.22069095,0.19500925)(-0.02435839,-0.10346469)|0.00000000|
4x1-2 |(0.66077328,0.42000556)(-0.39513594,0.19621001)|0.00000000|
4x2-2 |(0.60053700,0.13941450)(-0.32832479,-0.43212840)|0.00000000|
4x3-2 |(0.36023870,0.40446484)(0.06168631,-0.10667445)|0.00000000|
4x4-2 |(0.28398842,0.21405211)(-0.12781325,0.17289175)|0.00000000|
4x5-2 |(0.69329560,0.43639463)(-0.26067504,-0.05012266)|0.00000000|
4x6-2 |(0.21908993,0.19676094)(-0.18631925,-0.43272084)|0.00000000|
4x7-2 |(0.53333145,0.51686049)(0.14325914,-0.41540444)|0.00000000|
4x8-2 |(0.58683378,0.52377075)(0.36739904,-0.64335972)|0.00000000|
4x9-2 |(0.30392182,0.54395950)(0.49343032,-0.50394034)|0.00000007|
4x10-2 |(0.16778667,0.51941890)(0.39379835,-0.45881540)|0.00000002|
4x11-2 |(0.27958274,0.54121083)(0.21598907,-0.34335384)|0.00000001|
4x12-2 |(0.35510239,0.37845552)(-0.00901872,-0.38613385)|0.00000001|
4x13-2 |(0.49947330,0.50767624)(-0.11641547,-0.14996742)|0.00000001|
4x14-2 |(0.27689773,0.36424497)(-0.14655107,-0.19385506)|0.00000000|
4x15-2 |(0.56191069,0.48889682)(-0.19557762,0.02909731)|0.00000000|
4x16-2 |(0.39030099,0.45728347)(-0.23717558,0.17392859)|0.00000000|
4x17-2 |(0.66362953,0.55451679)(-0.44611794,0.02682891)|0.00000000|
4x18-2 |(0.34950069,0.50842673)(-0.06637691,-0.02666026)|0.00000000|
5x0-2 |(0.22536078,0.44192994)(-0.14039892,-0.27865970)|0.00000000|
5x1-2 |(0.57098573,0.51458633)(-0.30238181,0.05247857)|0.00000000|
5x2-2 |(0.54495776,0.50033498)(-0.24368507,-0.45999345)|0.00000000|
5x3-2 |(0.38054109,0.52440631)(-0.10680631,-0.22918932)|0.00000000|
5x4-2 |(0.52166986,0.38667744)(-0.18384567,-0.03722131)|0.00000000|
5x5-2 |(0.63056540,0.57877654)(-0.10147750,-0.20753995)|0.00000000|
5x6-2 |(0.35423028,0.47094160)(-0.09998015,-0.42550591)|0.00000001|
5x7-2 |(0.53310245,0.63127321)(0.08992153,-0.49403781)|0.00000001|
5x8-2 |(0.56614119,0.67076135)(0.29396558,-0.58417988)|0.00000003|
5x9-2 |(0.33430889,0.64017493)(0.38224000,-0.54174298)|0.00000191|
5x10-2 |(0.33178875,0.65820056)(0.30884683,-0.61210644)|0.00000116|
5x11-2 |(0.34078950,0.66403550)(0.15905245,-0.57791489)|0.00000050|
5x12-2 |(0.46951392,0.70694405)(0.06977741,-0.56064385)|0.00000016|
5x13-2 |(0.53039688,0.71120191)(-0.06364000,-0.45300025)|0.00000004|
5x14-2 |(0.53685367,0.68736333)(-0.13742065,-0.47820798)|0.00000002|
5x15-2 |(0.55014801,0.68937230)(-0.16074279,-0.37648100)|0.00000004|
5x16-2 |(0.43173191,0.66607994)(-0.32639349,-0.27224740)|0.00000002|
5x17-2 |(0.55688423,0.62831044)(-0.36058235,-0.20867947)|0.00000002|
5x18-2 |(0.39101648,0.60669744)(-0.12714794,-0.05900098)|0.00000005|
6x0-2 |(0.39795455,0.52316934)(-0.20066218,-0.09147710)|0.00000000|
6x1-2 |(0.57619202,0.56101984)(-0.40113598,0.00958661)|0.00000000|
6x2-2 |(0.56314003,0.56232595)(-0.32570583,-0.40029487)|0.00000000|
6x3-2 |(0.57171208,0.67980444)(-0.26707029,-0.40896657)|0.00000000|
6x4-2 |(0.60300046,0.65499085)(-0.22836569,-0.43424273)|0.00000000|
6x5-2 |(0.66824800,0.64919496)(-0.13100767,-0.51939762)|0.00000004|
6x6-2 |(0.46664196,0.63017547)(-0.05838097,-0.55483478)|0.00000003|
6x7-2 |(0.59386516,0.64439905)(0.01262084,-0.62503630)|0.00000014|
6x8-2 |(0.58969158,0.64442331)(0.18756573,-0.61140949)|0.00000076|
6x9-2 |(0.45572186,0.70145267)(0.28200567,-0.50531834)|0.00000828|
6x10-2 |(0.48132521,0.68465400)(0.19691555,-0.49756083)|0.00000965|
6x11-2 |(0.47553939,0.67993879)(0.06387071,-0.41769993)|0.00000496|
6x12-2 |(0.56385851,0.70158499)(0.03865907,-0.37530267)|0.00000290|
6x13-2 |(0.56034696,0.68986183)(-0.07201348,-0.29823679)|0.00000233|
6x14-2 |(0.53314871,0.70888549)(-0.13184728,-0.39762467)|0.00000361|
6x15-2 |(0.50145441,0.73347342)(-0.17339203,-0.34337324)|0.00000281|
6x16-2 |(0.43632150,0.66124654)(-0.29337287,-0.15439203)|0.00000115|
6x17-2 |(0.56788296,0.64708346)(-0.34999257,-0.06295843)|0.00000046|
6x18-2 |(0.39817449,0.55357999)(-0.16249380,-0.04267253)|0.00000119|
7x0-2 |(0.42254320,0.58134073)(-0.19586915,0.03213530)|0.00000000|
7x1-2 |(0.58481354,0.57890987)(-0.39238411,0.01462008)|0.00000000|
7x2-2 |(0.78901315,0.63435531)(-0.38445276,-0.21024376)|0.00000000|
7x3-2 |(0.65738308,0.69719869)(-0.25088316,-0.40992552)|0.00000005|
7x4-2 |(0.64343107,0.65591818)(-0.13512480,-0.47627562)|0.00000003|
7x5-2 |(0.65042561,0.62743652)(-0.05832443,-0.50184655)|0.00000034|
7x6-2 |(0.52055931,0.67355072)(0.01910418,-0.54356235)|0.00000030|
7x7-2 |(0.65855104,0.70309019)(0.06707266,-0.60399312)|0.00000062|
7x8-2 |(0.61441708,0.68087351)(0.13842750,-0.57459557)|0.00001727|
7x9-2 |(0.41221410,0.56686568)(0.16439186,-0.53391904)|0.00009585|
7x10-2 |(0.57781237,0.50025582)(0.05108121,-0.57385117)|0.00001409|
7x11-2 |(0.55041045,0.53252184)(-0.02321656,-0.41589832)|0.00002743|
7x12-2 |(0.68590027,0.57456416)(-0.06854518,-0.43991506)|0.00002599|
7x13-2 |(0.55425173,0.68087792)(-0.12737399,-0.37024125)|0.00001018|
7x14-2 |(0.43193713,0.70528734)(-0.18915610,-0.42318743)|0.00002300|
7x15-2 |(0.50701773,0.66618162)(-0.26209205,-0.29122245)|0.00001932|
7x16-2 |(0.42959759,0.67312431)(-0.39747274,-0.03838121)|0.00001569|
7x17-2 |(0.45685506,0.65264577)(-0.37692851,-0.01547577)|0.00000180|
7x18-2 |(0.47151291,0.52983254)(-0.20064029,-0.03155355)|0.00000262|
8x0-2 |(0.37698817,0.51391560)(-0.23602650,0.10070793)|0.00000000|
8x1-2 |(0.61867291,0.52708572)(-0.45066130,0.02794287)|0.00000000|
8x2-2 |(0.79900849,0.53949958)(-0.43493736,-0.17770739)|0.00000001|
8x3-2 |(0.64287215,0.58090508)(-0.23707533,-0.41049531)|0.00000016|
8x4-2 |(0.68899864,0.64982814)(-0.09132768,-0.44129094)|0.00000019|
8x5-2 |(0.63431805,0.70841318)(-0.06973091,-0.44060174)|0.00000564|
8x6-2 |(0.61733884,0.85352385)(-0.02747409,-0.57696199)|0.00001213|
8x7-2 |(0.58540142,0.80840814)(0.08452483,-0.66408807)|0.00005385|
8x8-2 |(0.57340014,0.78914207)(0.13166578,-0.70257795)|0.00019483|
8x9-2 |(0.43886790,0.63138473)(0.19906954,-0.65158969)|0.00035208|
8x10-2 |(0.48030931,0.56767559)(0.03533965,-0.64509422)|0.00004964|
8x11-2 |(0.49132621,0.49019608)(0.08936286,-0.41877007)|0.00004051|
8x12-2 |(0.68593204,0.46711656)(-0.02782900,-0.37797835)|0.00009661|
8x13-2 |(0.57114869,0.56411320)(-0.08477903,-0.25680691)|0.00014796|
8x14-2 |(0.42682788,0.59130591)(-0.11968723,-0.15894429)|0.00019686|
8x15-2 |(0.41446322,0.65064311)(-0.26983911,-0.06553335)|0.00004663|
8x16-2 |(0.37194556,0.66477406)(-0.43274796,0.01436367)|0.00001277|
8x17-2 |(0.42964426,0.68186826)(-0.45756251,0.04080099)|0.00000256|
8x18-2 |(0.51068449,0.56241357)(-0.23909251,-0.00969501)|0.00000233|
9x0-2 |(0.33842587,0.42253932)(-0.24515519,0.12080894)|0.00000000|
9x1-2 |(0.58724803,0.52772951)(-0.46388602,0.02427653)|0.00000001|
9x2-2 |(0.71833104,0.51866591)(-0.37645781,-0.18056749)|0.00000002|
9x3-2 |(0.63593894,0.48123834)(-0.12557580,-0.45459527)|0.00000021|
9x4-2 |(0.71734440,0.48290446)(0.01237543,-0.51578230)|0.00000166|
9x5-2 |(0.68051058,0.42604241)(0.04246827,-0.72279781)|0.00001975|
9x6-2 |(0.63160521,0.51873755)(0.08834022,-0.77086145)|0.00072083|
9x7-2 |(0.61779732,0.59314418)(0.14775097,-0.70722449)|0.00439555|
9x8-2 |(0.57970047,0.54461145)(0.16530742,-0.79192066)|0.00373418|
9x9-2 |(0.29982683,0.47046778)(0.18980195,-0.72269130)|0.00202452|
9x10-2 |(0.36192787,0.47062626)(0.09195133,-0.71113765)|0.00019269|
9x11-2 |(0.45260274,0.50051171)(0.11737184,-0.58547443)|0.00006042|
9x12-2 |(0.58802801,0.57233107)(0.02253846,-0.37789556)|0.00017745|
9x13-2 |(0.59301680,0.52383268)(-0.11472056,-0.31083819)|0.00002593|
9x14-2 |(0.48352492,0.49138454)(-0.21850467,0.02279495)|0.00048348|
9x15-2 |(0.42029542,0.53907490)(-0.40039611,0.03407506)|0.00005751|
9x16-2 |(0.41936138,0.52156329)(-0.51100713,0.12601846)|0.00005260|
9x17-2 |(0.39636078,0.54220921)(-0.47074562,0.11063224)|0.00001118|
9x18-2 |(0.54210442,0.47496566)(-0.27619576,0.01207923)|0.00000300|
10x0-2 |(0.39222735,0.42227077)(-0.21695115,0.05761537)|0.00000000|
10x1-2 |(0.53988516,0.49286848)(-0.46614921,-0.04472998)|0.00000001|
10x2-2 |(0.60608453,0.44320288)(-0.37040538,-0.18416253)|0.00000001|
10x3-2 |(0.59645486,0.40329748)(-0.11299019,-0.38931200)|0.00000010|
10x4-2 |(0.76085013,0.36618099)(-0.05527682,-0.51360667)|0.00000137|
10x5-2 |(0.78471774,0.40350059)(-0.04113095,-0.76592267)|0.00004437|
10x6-2 |(0.68119323,0.41239494)(-0.00870218,-0.68676496)|0.00071647|
10x7-2 |(0.60856235,0.40056393)(0.08776778,-0.66775042)|0.00260039|
10x8-2 |(0.52636701,0.36344284)(0.16609037,-0.70352042)|0.00073211|
10x9-2 |(0.29586586,0.34910107)(0.18797718,-0.65505946)|0.00026747|
10x10-2 |(0.41641122,0.40292487)(0.15455203,-0.76825839)|0.00008292|
10x11-2 |(0.39067692,0.38193944)(0.15860896,-0.61846209)|0.00003260|
10x12-2 |(0.52374464,0.47167820)(0.07538350,-0.46366084)|0.00003897|
10x13-2 |(0.52507687,0.39889094)(-0.10124312,-0.33683339)|0.00001170|
10x14-2 |(0.46227598,0.38382915)(-0.23107360,-0.04645116)|0.00001269|
10x15-2 |(0.40488052,0.37826037)(-0.30019471,-0.20720889)|0.00000506|
10x16-2 |(0.36185843,0.34146526)(-0.45858294,-0.08253589)|0.00000456|
10x17-2 |(0.47162589,0.48104733)(-0.39726919,-0.03971601)|0.00000196|
10x18-2 |(0.61388338,0.45430771)(-0.24047056,0.00267950)|0.00000053|
11x0-2 |(0.43023622,0.43095008)(-0.13998182,-0.05946306)|0.00000003|
11x1-2 |(0.55512065,0.53717512)(-0.39725071,-0.08668732)|0.00000009|
11x2-2 |(0.62794417,0.46918866)(-0.32725972,-0.11005293)|0.00000005|
11x3-2 |(0.61616963,0.44954517)(-0.19412167,-0.26668680)|0.00000014|
11x4-2 |(0.79162383,0.38491726)(-0.18186015,-0.36766094)|0.00000045|
11x5-2 |(0.78480500,0.36496371)(-0.08857629,-0.43340379)|0.00002356|
11x6-2 |(0.65969628,0.29806924)(0.02291576,-0.40201876)|0.00044177|
11x7-2 |(0.62901902,0.25552574)(0.11290395,-0.48602080)|0.00054211|
11x8-2 |(0.50421095,0.26191062)(0.14928782,-0.58739573)|0.00006649|
11x9-2 |(0.34039336,0.28276157)(0.21889330,-0.59499073)|0.00004527|
11x10-2 |(0.37072861,0.33476412)(0.24553926,-0.64052820)|0.00004857|
11x11-2 |(0.48086217,0.34647399)(0.23670422,-0.58385313)|0.00001427|
11x12-2 |(0.40659297,0.40179345)(0.15358467,-0.52713174)|0.00001247|
11x13-2 |(0.41007045,0.32551321)(0.02485921,-0.39950898)|0.00000141|
11x14-2 |(0.47556451,0.34679702)(-0.23887177,-0.25220120)|0.00000101|
11x15-2 |(0.51868975,0.30503741)(-0.33203149,-0.27199721)|0.00000062|
11x16-2 |(0.43689153,0.37541193)(-0.39839327,-0.21841614)|0.00000036|
11x17-2 |(0.52824020,0.36801043)(-0.34824538,-0.20577076)|0.00000023|
11x18-2 |(0.62048507,0.45585981)(-0.16704343,-0.06950206)|0.00000021|
12x0-2 |(0.51634276,0.33882508)(-0.09934540,-0.18689524)|0.00000002|
12x1-2 |(0.57584602,0.31968370)(-0.36919832,-0.30688855)|0.00000004|
12x2-2 |(0.63839746,0.33627510)(-0.28893512,-0.34225845)|0.00000003|
12x3-2 |(0.59231037,0.36678180)(-0.15512723,-0.53009093)|0.00000005|
12x4-2 |(0.77406436,0.29217097)(-0.11858915,-0.51621711)|0.00000004|
12x5-2 |(0.68202829,0.24095991)(-0.08062466,-0.57697958)|0.00000058|
12x6-2 |(0.54870594,0.23401134)(0.01587157,-0.56981462)|0.00000106|
12x7-2 |(0.60352588,0.30183962)(0.14060850,-0.69738692)|0.00000716|
12x8-2 |(0.48246264,0.43670315)(0.22833650,-0.69283110)|0.00000163|
12x9-2 |(0.40985158,0.49271992)(0.29331499,-0.86654693)|0.00000271|
12x10-2 |(0.40061796,0.51852769)(0.32409447,-0.83448309)|0.00001982|
12x11-2 |(0.40414336,0.50694853)(0.30544829,-0.79868513)|0.00000282|
12x12-2 |(0.41449288,0.41153911)(0.17963146,-0.75981086)|0.00000281|
12x13-2 |(0.39856482,0.35423261)(0.09746028,-0.59832513)|0.00000028|
12x14-2 |(0.42432618,0.28157616)(-0.09576344,-0.37211168)|0.00000018|
12x15-2 |(0.52755249,0.32345626)(-0.21706603,-0.36877713)|0.00000011|
12x16-2 |(0.43854582,0.34001854)(-0.24646305,-0.29968998)|0.00000008|
12x17-2 |(0.61984032,0.33507094)(-0.30344599,-0.15146589)|0.00000013|
12x18-2 |(0.58625138,0.40612990)(-0.19080746,-0.08092467)|0.00000031|
13x0-2 |(0.60936970,0.37924051)(-0.17168316,-0.11886653)|0.00000002|
13x1-2 |(0.58044088,0.38704833)(-0.30777121,-0.36662623)|0.00000003|
13x2-2 |(0.64497626,0.32288274)(-0.19400744,-0.46853951)|0.00000006|
13x3-2 |(0.55934501,0.29359064)(-0.10725430,-0.70927155)|0.00000005|
13x4-2 |(0.65282893,0.26904294)(-0.03615186,-0.77166378)|0.00000002|
13x5-2 |(0.56610811,0.25467366)(0.00985686,-0.79780352)|0.00000004|
13x6-2 |(0.58179355,0.27886757)(0.06287418,-0.86636674)|0.00000011|
13x7-2 |(0.60514992,0.41284373)(0.06765491,-0.84429312)|0.00000372|
13x8-2 |(0.59637970,0.38547620)(0.24500994,-0.92900980)|0.00000436|
13x9-2 |(0.50384289,0.34025818)(0.38532031,-1.04540193)|0.00001839|
13x10-2 |(0.32094312,0.34307382)(0.38394970,-0.96504015)|0.00002865|
13x11-2 |(0.38713676,0.33789814)(0.31409925,-1.02329755)|0.00000339|
13x12-2 |(0.40075946,0.32653990)(0.21737297,-1.03772342)|0.00000113|
13x13-2 |(0.43899193,0.36159790)(0.07970518,-0.84734148)|0.00000013|
13x14-2 |(0.34771177,0.37145460)(-0.04041365,-0.59366912)|0.00000004|
13x15-2 |(0.48785698,0.29029411)(-0.17201920,-0.45484212)|0.00000002|
13x16-2 |(0.35597640,0.23049076)(-0.18042642,-0.37758479)|0.00000000|
13x17-2 |(0.57352144,0.21512565)(-0.27947176,-0.26676118)|0.00000001|
13x18-2 |(0.60220629,0.32349372)(-0.07138824,-0.07021196)|0.00000001|
14x0-2 |(0.73074377,0.59287351)(-0.21335965,0.14515446)|0.00000002|
14x1-2 |(0.51248109,0.55358428)(-0.33931863,0.09160665)|0.00000016|
14x2-2 |(0.65856010,0.44409394)(-0.26542231,-0.04935355)|0.00000005|
14x3-2 |(0.59192741,0.41554871)(-0.17324942,-0.18923435)|0.00000001|
14x4-2 |(0.62919003,0.40394819)(-0.05494769,-0.27615431)|0.00000002|
14x5-2 |(0.55309021,0.40502495)(-0.01123432,-0.38203788)|0.00000001|
14x6-2 |(0.57338512,0.41830733)(0.03356799,-0.40860927)|0.00000001|
14x7-2 |(0.59114909,0.31364691)(0.11501721,-0.41603625)|0.00000007|
14x8-2 |(0.56784135,0.35414088)(0.33324736,-0.39872032)|0.00000011|
14x9-2 |(0.49027297,0.43353674)(0.38004899,-0.41743258)|0.00000131|
14x10-2 |(0.24204585,0.38338235)(0.38390815,-0.47874740)|0.00000153|
14x11-2 |(0.32140210,0.37728930)(0.33611202,-0.65569502)|0.00000006|
14x12-2 |(0.24997020,0.32152194)(0.24959661,-0.79381812)|0.00000001|
14x13-2 |(0.48973522,0.39189273)(0.05423477,-0.63526678)|0.00000000|
14x14-2 |(0.26773387,0.41893095)(-0.07498227,-0.41120988)|0.00000000|
14x15-2 |(0.48421040,0.51580167)(-0.28742689,-0.22314280)|0.00000000|
14x16-2 |(0.32006890,0.45441055)(-0.18895853,-0.06734333)|0.00000000|
14x17-2 |(0.52748644,0.52216160)(-0.40323460,0.05831113)|0.00000000|
14x18-2 |(0.60022211,0.53460234)(-0.11163014,0.02422342)|0.00000000|
15x0-2 |(0.53466064,0.49288020)(-0.12532267,0.06512997)|0.00000051|
15x1-2 |(0.42758906,0.29176265)(-0.31538445,0.20888872)|0.00000037|
15x2-2 |(0.65250182,0.32008138)(-0.42172998,0.11435226)|0.00000023|
15x3-2 |(0.49412164,0.42761949)(-0.24168134,0.15966831)|0.00000002|
15x4-2 |(0.51820576,0.36964858)(-0.10087551,0.22656332)|0.00000002|
15x5-2 |(0.54689217,0.43139151)(-0.06027247,0.02453803)|0.00000001|
15x6-2 |(0.49020639,0.50120264)(0.01828513,0.03761290)|0.00000001|
15x7-2 |(0.51420134,0.50979781)(0.10114358,0.02217283)|0.00000001|
15x8-2 |(0.60152566,0.61572927)(0.33966082,0.06880175)|0.00000003|
15x9-2 |(0.45169467,0.60947233)(0.50188214,0.13667500)|0.00000090|
15x10-2 |(0.19927011,0.57391226)(0.48176730,0.03112264)|0.00000087|
15x11-2 |(0.32298088,0.56503952)(0.32039541,-0.25771722)|0.00000010|
15x12-2 |(0.15705268,0.55494267)(0.28226882,-0.46878821)|0.00000000|
15x13-2 |(0.60297853,0.52826124)(-0.02447724,-0.33318537)|0.00000002|
15x14-2 |(0.18726940,0.44468462)(-0.17792070,-0.25777382)|0.00000000|
15x15-2 |(0.46679693,0.47263438)(-0.44462830,0.03534148)|0.00000000|
15x16-2 |(0.27210885,0.34984538)(-0.24089523,-0.11794773)|0.00000000|
15x17-2 |(0.54582542,0.37540200)(-0.62550062,0.08639322)|0.00000000|
15x18-2 |(0.58394867,0.38757327)(-0.19368577,-0.20822439)|0.00000001|
16x0-2 |(0.77111101,0.25269446)(-0.13406111,-0.32283258)|0.00000002|
16x1-2 |(0.32684162,0.71867269)(-0.35123444,-0.09906273)|0.00000001|
16x2-2 |(0.77849460,0.56612813)(-0.49114090,-0.17687517)|0.00000000|
16x3-2 |(0.46337914,0.67040795)(-0.27380288,-0.00198465)|0.00000001|
16x4-2 |(0.42757258,0.58942103)(-0.01398489,0.10996890)|0.00000000|
16x5-2 |(0.71659386,0.47835907)(-0.09560517,0.03941112)|0.00000000|
16x6-2 |(0.24206775,0.40296319)(0.01665702,-0.14661297)|0.00000000|
16x7-2 |(0.62442178,0.42980319)(0.23302682,0.02952467)|0.00000001|
16x8-2 |(0.66807103,0.43716031)(0.40316719,0.03307701)|0.00000002|
16x9-2 |(0.55145007,0.49932903)(0.49188399,0.06078030)|0.00000156|
16x10-2 |(0.27096677,0.49190307)(0.43142647,-0.01035707)|0.00000027|
16x11-2 |(0.48220146,0.46439075)(0.32686800,-0.20568860)|0.00000017|
16x12-2 |(0.06949961,0.35508224)(0.14961790,-0.28392631)|0.00000001|
16x13-2 |(0.64264154,0.55457604)(-0.17332502,-0.22409977)|0.00000008|
16x14-2 |(0.10974950,0.28316832)(-0.32317883,0.01861812)|0.00000000|
16x15-2 |(0.66585523,0.65672410)(-0.48553920,0.02027902)|0.00000000|
16x16-2 |(0.31086797,0.31427506)(-0.26824114,-0.07881130)|0.00000000|
16x17-2 |(0.28960091,0.74324554)(-0.58018452,-0.22061378)|0.00000000|
16x18-2 |(0.24371730,0.33058789)(-0.16560611,-0.32250002)|0.00000000|
17x0-2 |(0.51874620,0.50749964)(0.04091456,-0.61404866)|0.00000000|
17x1-2 |(0.35266483,0.80175877)(-0.49653506,-0.21336640)|0.00000000|
17x2-2 |(0.56403083,0.43193430)(-0.41392946,-0.32035094)|0.00000000|
17x3-2 |(0.57520294,0.63678497)(-0.32676136,-0.09396131)|0.00000000|
17x4-2 |(0.29697496,0.29702112)(0.01586226,0.11921781)|0.00000000|
17x5-2 |(0.81582546,0.41466096)(-0.20657586,0.23954855)|0.00000000|
17x6-2 |(0.05655380,0.14812897)(-0.09392899,-0.10183322)|0.00000000|
17x7-2 |(0.59164411,0.45113248)(0.03273749,0.05852205)|0.00000002|
17x8-2 |(0.63368779,0.39051226)(0.25414044,-0.06559701)|0.00000001|
17x9-2 |(0.37398785,0.43819350)(0.45866340,-0.05614672)|0.00000216|
17x10-2 |(0.17722979,0.45741841)(0.38032389,-0.17160173)|0.00000079|
17x11-2 |(0.30948818,0.39276940)(0.18862562,-0.39391890)|0.00000011|
17x12-2 |(0.03700711,0.20611034)(0.04525729,-0.43066889)|0.00000003|
17x13-2 |(0.57461888,0.26575497)(-0.16382092,-0.51335382)|0.00000001|
17x14-2 |(0.04189670,0.17651480)(-0.20877077,-0.38552633)|0.00000000|
17x15-2 |(0.62507880,0.23681262)(-0.27393842,-0.41233593)|0.00000000|
17x16-2 |(0.00912548,0.03176788)(-0.20897409,-0.62247080)|0.00000000|
17x17-2 |(0.27312660,0.12185409)(-0.86250371,-0.87000108)|0.00000000|
17x18-2 |(0.08784268,0.06515472)(-0.64285773,-1.17393339)|0.00000000|
18x0-2 |(0.63563102,0.12814568)(-0.19392082,-0.30048037)|0.00000001|
18x1-2 |(0.67369795,0.50781459)(-0.98465902,-0.03059525)|0.00000000|
18x2-2 |(0.47198063,0.35806361)(-0.44290113,0.07173882)|0.00000000|
18x3-2 |(0.60151589,0.44895783)(-0.22991379,0.16054121)|0.00000001|
18x4-2 |(0.39093718,0.47285679)(-0.13904539,0.20675756)|0.00000000|
18x5-2 |(0.63030678,0.59629601)(-0.30221775,0.37573797)|0.00000001|
18x6-2 |(0.13910654,0.18115880)(-0.03574674,0.10853153)|0.00000005|
18x7-2 |(0.47335520,0.53592670)(0.12566213,0.28769460)|0.00000009|
18x8-2 |(0.54835391,0.41281280)(0.18049638,0.26330671)|0.00000008|
18x9-2 |(0.40531695,0.46882096)(0.23193245,0.32298374)|0.00000134|
18x10-2 |(0.27346200,0.44510573)(0.19327997,0.29230559)|0.00000075|
18x11-2 |(0.31757998,0.49298295)(0.11360396,0.31177169)|0.00000046|
18x12-2 |(0.14491014,0.14854862)(0.03587505,0.27501050)|0.00000019|
18x13-2 |(0.38729152,0.49193239)(-0.12781607,0.28742748)|0.00000011|
18x14-2 |(0.13215248,0.24556637)(-0.12524436,0.27533519)|0.00000006|
18x15-2 |(0.43921584,0.39045781)(-0.10696409,0.22226618)|0.00000000|
18x16-2 |(0.12380175,0.39919847)(-0.15495995,0.02926100)|0.00000000|
18x17-2 |(0.25007078,0.25403127)(-0.84311074,-0.53723556)|0.00000000|
18x18-2 |(0.10109577,0.14953487)(-0.31585139,-0.23863675)|0.00000000|
