0x0-0|(0.03146548,0.01836758)(0.12879547,0.16211387)|0.00000006|
0x1-0|(0.09902841,0.02912808)(0.25676923,0.08945937)|0.00000022|
0x2-0|(0.11760210,0.04093823)(0.25646775,0.08975267)|0.00000048|
0x3-0|(0.17820796,0.03501486)(0.39398350,0.08609230)|0.00000004|
0x4-0|(0.23707783,0.03116360)(0.32621714,0.08336793)|0.00000000|
0x5-0|(0.29659164,0.02874173)(0.26464784,0.08724537)|0.00000000|
0x6-0|(0.34293413,0.02994139)(0.22896065,0.11147925)|0.00000000|
0x7-0|(0.39633521,0.02448868)(0.21509279,0.12105018)|0.00000000|
0x8-0|(0.45101571,0.02043366)(0.25507982,0.13221700)|0.00000000|
0x9-0|(0.50066584,0.02175907)(0.22324592,0.12586810)|0.00000000|
0x10-0|(0.55448836,0.02179962)(0.20442932,0.12876201)|0.00000000|
0x11-0|(0.60510993,0.02338941)(0.21548015,0.12060621)|0.00000000|
0x12-0|(0.65093726,0.02730114)(0.18337652,0.12693971)|0.00000000|
0x13-0|(0.70229757,0.03070531)(0.15478049,0.12385030)|0.00000000|
0x14-0|(0.76271021,0.03009273)(0.20502281,0.11713885)|0.00000000|
0x15-0|(0.81028187,0.02866303)(0.19568044,0.07705863)|0.00000011|
0x16-0|(0.87145156,0.03089797)(0.14692914,0.09718105)|0.00000002|
0x17-0|(0.92323065,0.03988459)(0.10121483,0.09985475)|0.00000001|
0x18-0|(0.94853562,0.04685930)(0.22151275,0.10890430)|0.00000015|
1x0-0|(0.04358897,0.08583237)(0.10577670,0.12100238)|0.00000012|
1x1-0|(0.07869747,0.09465856)(0.17016262,0.12526367)|0.00000027|
1x2-0|(0.11600128,0.08092805)(0.19525466,0.14393031)|0.00000018|
1x3-0|(0.18373205,0.07412042)(0.20555850,0.10176928)|0.00000000|
1x4-0|(0.23501627,0.06884672)(0.21044675,0.11184830)|0.00000000|
1x5-0|(0.30277452,0.07173266)(0.21465271,0.13374200)|0.00000000|
1x6-0|(0.33243796,0.07611898)(0.18662144,0.14640599)|0.00000000|
1x7-0|(0.39326957,0.07331888)(0.23101599,0.13912214)|0.00000000|
1x8-0|(0.44694036,0.07595611)(0.27269183,0.15459731)|0.00000000|
1x9-0|(0.50131750,0.08123893)(0.21098858,0.13852522)|0.00000000|
1x10-0|(0.55201578,0.08106980)(0.19255497,0.13552487)|0.00000000|
1x11-0|(0.60728687,0.08033410)(0.20222894,0.13268496)|0.00000000|
1x12-0|(0.65219820,0.07796398)(0.17556784,0.13673655)|0.00000000|
1x13-0|(0.70555538,0.07370723)(0.17315089,0.14902426)|0.00000000|
1x14-0|(0.75961179,0.08079112)(0.15614988,0.14709836)|0.00000000|
1x15-0|(0.81497258,0.08185402)(0.16297557,0.20624862)|0.00000009|
1x16-0|(0.85579652,0.07274950)(0.12688054,0.18017000)|0.00000124|
1x17-0|(0.93331879,0.09358268)(0.10299770,0.13968739)|0.00000029|
1x18-0|(0.96103448,0.09872785)(0.09668777,0.07829861)|0.00000000|
2x0-0|(0.02111708,0.12993155)(0.11971663,0.10180963)|0.00000005|
2x1-0|(0.07317513,0.11483563)(0.22206068,0.12083234)|0.00000008|
2x2-0|(0.12246077,0.13803445)(0.19159264,0.11756223)|0.00000000|
2x3-0|(0.18193622,0.13446261)(0.14406609,0.14554238)|0.00000000|
2x4-0|(0.22930692,0.13480008)(0.16608708,0.17637748)|0.00000000|
2x5-0|(0.29640025,0.13087340)(0.19634619,0.15373331)|0.00000000|
2x6-0|(0.33146468,0.13589475)(0.17256220,0.15571338)|0.00000000|
2x7-0|(0.39313135,0.13101673)(0.23810976,0.13115513)|0.00000000|
2x8-0|(0.44683883,0.13238822)(0.27938263,0.15287917)|0.00000000|
2x9-0|(0.50070995,0.12985849)(0.24450070,0.15030573)|0.00000000|
2x10-0|(0.54825068,0.13065226)(0.22029301,0.14505209)|0.00000000|
2x11-0|(0.60280776,0.13264643)(0.20282335,0.14195593)|0.00000001|
2x12-0|(0.64575881,0.13238835)(0.18819811,0.15919115)|0.00000000|
2x13-0|(0.70205480,0.13037732)(0.19562357,0.14054326)|0.00000002|
2x14-0|(0.75846040,0.13780105)(0.14993105,0.11879433)|0.00000000|
2x15-0|(0.81294847,0.12600526)(0.16387361,0.11234120)|0.00000007|
2x16-0|(0.86614126,0.14598367)(0.18766595,0.07621373)|0.00000005|
2x17-0|(0.92219090,0.11963633)(0.14707276,0.11602506)|0.00000028|
2x18-0|(0.96035343,0.11028697)(0.14480153,0.15247483)|0.00000047|
3x0-0|(0.01345304,0.17921968)(0.16264430,0.09936865)|0.00000001|
3x1-0|(0.08968840,0.17495684)(0.22346865,0.11155169)|0.00000001|
3x2-0|(0.11961517,0.18472914)(0.19195595,0.14763945)|0.00000000|
3x3-0|(0.19359264,0.18825676)(0.23877234,0.11409399)|0.00000000|
3x4-0|(0.23478472,0.17844789)(0.17162041,0.14803272)|0.00000000|
3x5-0|(0.29689589,0.17870755)(0.21906370,0.11672221)|0.00000000|
3x6-0|(0.33941177,0.17876828)(0.21086578,0.11552512)|0.00000000|
3x7-0|(0.39535409,0.18296635)(0.28447500,0.10350995)|0.00000001|
3x8-0|(0.45101762,0.18657237)(0.32150020,0.09519746)|0.00000002|
3x9-0|(0.50311154,0.18560295)(0.31276338,0.09760971)|0.00000006|
3x10-0|(0.55010289,0.18760973)(0.31105792,0.09527995)|0.00000002|
3x11-0|(0.60598165,0.18677469)(0.26389443,0.09725433)|0.00000004|
3x12-0|(0.65389287,0.18652610)(0.23165682,0.10638335)|0.00000003|
3x13-0|(0.71130544,0.18152839)(0.22559083,0.13206175)|0.00000010|
3x14-0|(0.75860518,0.17829223)(0.22190394,0.10897992)|0.00000003|
3x15-0|(0.81535453,0.17762919)(0.19020133,0.13712427)|0.00000009|
3x16-0|(0.87194937,0.18396077)(0.18167127,0.10249841)|0.00000001|
3x17-0|(0.92862892,0.18085703)(0.17212247,0.12641428)|0.00000027|
3x18-0|(0.97681063,0.19390129)(0.22670345,0.09956234)|0.00000004|
4x0-0|(0.02348195,0.23391576)(0.23296834,0.08268187)|0.00000000|
4x1-0|(0.08545488,0.24391107)(0.20200010,0.09141523)|0.00000001|
4x2-0|(0.11821077,0.24127120)(0.27700118,0.11407221)|0.00000000|
4x3-0|(0.19227944,0.24510896)(0.19227231,0.10279929)|0.00000000|
4x4-0|(0.23759508,0.23881209)(0.15375932,0.14306941)|0.00000000|
4x5-0|(0.29180077,0.24020970)(0.25360925,0.08951706)|0.00000000|
4x6-0|(0.33909857,0.23735546)(0.32577149,0.08676674)|0.00000001|
4x7-0|(0.39524621,0.23465453)(0.41273442,0.07277711)|0.00000001|
4x8-0|(0.44833314,0.23845828)(0.47655702,0.07056481)|0.00000003|
4x9-0|(0.49688038,0.23856053)(0.49013066,0.07024110)|0.00000026|
4x10-0|(0.54611319,0.24441557)(0.48500569,0.06954402)|0.00000044|
4x11-0|(0.60179168,0.24351482)(0.39742739,0.07749710)|0.00000034|
4x12-0|(0.65162122,0.23873816)(0.29120364,0.08746548)|0.00000018|
4x13-0|(0.70298302,0.23703736)(0.26761333,0.09501968)|0.00000004|
4x14-0|(0.76060635,0.23898652)(0.32830356,0.09055511)|0.00000003|
4x15-0|(0.81995618,0.24893259)(0.21989128,0.09188186)|0.00000046|
4x16-0|(0.87621367,0.24822114)(0.22972061,0.09575473)|0.00000118|
4x17-0|(0.91371709,0.23948072)(0.19075495,0.11720956)|0.00000194|
4x18-0|(0.97788066,0.23085146)(0.23684493,0.11616076)|0.00000003|
5x0-0|(0.02872474,0.29268801)(0.20916438,0.10121503)|0.00000001|
5x1-0|(0.08465132,0.29040357)(0.18306435,0.12215384)|0.00000052|
5x2-0|(0.12036496,0.28755277)(0.24229397,0.11686351)|0.00000000|
5x3-0|(0.19154553,0.29415569)(0.31216286,0.09631233)|0.00000000|
5x4-0|(0.24338022,0.28933334)(0.21772798,0.11398317)|0.00000000|
5x5-0|(0.29368496,0.29210564)(0.30203018,0.09553524)|0.00000011|
5x6-0|(0.33655831,0.29540917)(0.36793299,0.08585536)|0.00000007|
5x7-0|(0.39608178,0.29023322)(0.42807824,0.07715958)|0.00000004|
5x8-0|(0.44996291,0.28781343)(0.48265273,0.07576224)|0.00000010|
5x9-0|(0.50102925,0.28980064)(0.45920529,0.08492203)|0.00000051|
5x10-0|(0.55233747,0.28509274)(0.43126853,0.09614228)|0.00000171|
5x11-0|(0.60563701,0.29005584)(0.36271161,0.10512462)|0.00000272|
5x12-0|(0.65209943,0.29221928)(0.27639655,0.10922934)|0.00000048|
5x13-0|(0.70309174,0.30016103)(0.26746394,0.12362783)|0.00000018|
5x14-0|(0.76691550,0.29656339)(0.25859715,0.12933079)|0.00000025|
5x15-0|(0.82435101,0.28890675)(0.18496447,0.13823610)|0.00000169|
5x16-0|(0.86955833,0.29429686)(0.21333496,0.13192355)|0.00000863|
5x17-0|(0.91233534,0.29537678)(0.18288429,0.13670310)|0.00000596|
5x18-0|(0.97506255,0.29469606)(0.22800232,0.12113571)|0.00000004|
6x0-0|(0.02620236,0.34454080)(0.16289003,0.12415257)|0.00000000|
6x1-0|(0.08292800,0.34395075)(0.15121295,0.15511614)|0.00000059|
6x2-0|(0.12133732,0.35275182)(0.20833473,0.13933001)|0.00000003|
6x3-0|(0.18903393,0.35538065)(0.30002778,0.10577429)|0.00000001|
6x4-0|(0.24272922,0.35183385)(0.27921424,0.10363864)|0.00000006|
6x5-0|(0.29267624,0.35471076)(0.31127314,0.08145788)|0.00000207|
6x6-0|(0.33904037,0.35349062)(0.31729057,0.07502487)|0.00000127|
6x7-0|(0.39185330,0.35572359)(0.33421423,0.07386818)|0.00000133|
6x8-0|(0.44801641,0.35197869)(0.34840707,0.07902327)|0.00000192|
6x9-0|(0.49421641,0.34800515)(0.34310921,0.08948060)|0.00000658|
6x10-0|(0.55090410,0.34610936)(0.37997740,0.08772327)|0.00000301|
6x11-0|(0.60368806,0.35217172)(0.26685475,0.09751822)|0.00000596|
6x12-0|(0.66220218,0.35170433)(0.23922951,0.11171916)|0.00000497|
6x13-0|(0.70451593,0.35147199)(0.20192234,0.12742259)|0.00000491|
6x14-0|(0.75881070,0.35327777)(0.23383476,0.12498441)|0.00000252|
6x15-0|(0.82823145,0.35621756)(0.18765872,0.12423056)|0.00000405|
6x16-0|(0.87348795,0.35402608)(0.17231726,0.12094133)|0.00010960|
6x17-0|(0.90957028,0.34266672)(0.17125516,0.13348937)|0.00001759|
6x18-0|(0.97027808,0.34266701)(0.23401445,0.12035212)|0.00000014|
7x0-0|(0.02365685,0.39885566)(0.15256823,0.12826837)|0.00000000|
7x1-0|(0.08467411,0.39977887)(0.14869602,0.16695559)|0.00000499|
7x2-0|(0.12599711,0.40655747)(0.20010993,0.13597470)|0.00000280|
7x3-0|(0.19071208,0.40803358)(0.27723563,0.13215934)|0.00000304|
7x4-0|(0.25687739,0.41382739)(0.19341860,0.11740650)|0.01873201|
7x5-0|(0.28596315,0.41380286)(0.23598938,0.12459127)|0.96260989|
7x6-0|(0.32428968,0.41084808)(0.24205031,0.12397309)|0.01760356|
7x7-0|(0.39199612,0.40445986)(0.31515140,0.11432084)|0.00009955|
7x8-0|(0.45480376,0.40552148)(0.30789100,0.11623936)|0.00004593|
7x9-0|(0.49427041,0.41456780)(0.15822455,0.12930849)|0.00156074|
7x10-0|(0.55370122,0.41093090)(0.25377901,0.14938825)|0.00006618|
7x11-0|(0.59884626,0.40584567)(0.13224491,0.15415960)|0.00070975|
7x12-0|(0.66481483,0.39923418)(0.22261851,0.15013162)|0.00008642|
7x13-0|(0.70695603,0.39834338)(0.19593623,0.14944574)|0.00006007|
7x14-0|(0.77042180,0.39991704)(0.20051492,0.12933384)|0.00011594|
7x15-0|(0.82913589,0.40589625)(0.14684718,0.11981696)|0.00212927|
7x16-0|(0.86948574,0.40857130)(0.16779721,0.12557934)|0.00988239|
7x17-0|(0.90312856,0.40909320)(0.14490381,0.13916258)|0.00053807|
7x18-0|(0.96585864,0.39539275)(0.25519468,0.12914299)|0.00000069|
8x0-0|(0.02025943,0.44855475)(0.15292488,0.13249113)|0.00000001|
8x1-0|(0.08721115,0.44384250)(0.15860413,0.16207456)|0.00000708|
8x2-0|(0.12649892,0.44276127)(0.20109021,0.13072124)|0.00000179|
8x3-0|(0.18902937,0.43758985)(0.26499937,0.10740568)|0.00000110|
8x4-0|(0.25609595,0.42642045)(0.17521290,0.12017790)|0.00695044|
8x5-0|(0.28879148,0.42495456)(0.22896769,0.13075657)|0.58126628|
8x6-0|(0.33262008,0.43962038)(0.21328308,0.11807807)|0.00151613|
8x7-0|(0.39193931,0.46882218)(0.18731940,0.10940865)|0.08551954|
8x8-0|(0.45128089,0.44540462)(0.35538383,0.12214534)|0.00010519|
8x9-0|(0.50216150,0.43061382)(0.19798797,0.12778821)|0.00228782|
8x10-0|(0.54502958,0.43795484)(0.27598278,0.13046371)|0.00016015|
8x11-0|(0.60144377,0.43333581)(0.18456003,0.14899997)|0.00011491|
8x12-0|(0.67033601,0.44792739)(0.20372514,0.15668818)|0.00011637|
8x13-0|(0.71998495,0.45993003)(0.15500046,0.14142968)|0.00099192|
8x14-0|(0.75674289,0.46310577)(0.18844464,0.12837433)|0.00273078|
8x15-0|(0.82388943,0.44950274)(0.17153981,0.13336062)|0.00103131|
8x16-0|(0.87700945,0.44480205)(0.16310160,0.12468647)|0.11605190|
8x17-0|(0.90064782,0.44350663)(0.13959211,0.11842394)|0.02745560|
8x18-0|(0.96394652,0.44879165)(0.27343872,0.11217820)|0.00000172|
9x0-0|(0.02096749,0.50131446)(0.17497369,0.12030542)|0.00000001|
9x1-0|(0.09255437,0.50741374)(0.16468592,0.13201701)|0.00001466|
9x2-0|(0.12973194,0.51811266)(0.16998998,0.10726030)|0.00006260|
9x3-0|(0.18199328,0.51647073)(0.20949113,0.09979237)|0.00000920|
9x4-0|(0.24066757,0.51085126)(0.19417570,0.11235887)|0.00007089|
9x5-0|(0.29298693,0.50004387)(0.28962268,0.11651678)|0.00039820|
9x6-0|(0.35539666,0.49354574)(0.27259346,0.11617712)|0.00654907|
9x7-0|(0.39466551,0.48942059)(0.16279046,0.12002426)|0.99885201|
9x8-0|(0.43635413,0.49981427)(0.33474997,0.12208043)|0.00322318|
9x9-0|(0.50441438,0.50776428)(0.50009612,0.12802694)|0.00151757|
9x10-0|(0.54830569,0.49944663)(0.36790058,0.10645870)|0.00027021|
9x11-0|(0.60715121,0.50702482)(0.22830476,0.11347562)|0.00016887|
9x12-0|(0.65968072,0.49625552)(0.22275470,0.14387290)|0.00007094|
9x13-0|(0.72803283,0.48864532)(0.19269001,0.17334144)|0.00069621|
9x14-0|(0.76322222,0.49968684)(0.19363718,0.19353632)|0.25368452|
9x15-0|(0.80545503,0.49111316)(0.21145635,0.15482980)|0.00160119|
9x16-0|(0.86831546,0.48384240)(0.16911806,0.16173951)|0.00303421|
9x17-0|(0.90524220,0.48536229)(0.15149719,0.17088191)|0.00023059|
9x18-0|(0.97354949,0.49579275)(0.25379738,0.12512190)|0.00000052|
10x0-0|(0.02207940,0.55599940)(0.14316084,0.12238244)|0.00000011|
10x1-0|(0.09021626,0.55418271)(0.15813000,0.16050116)|0.00002315|
10x2-0|(0.12949972,0.54436648)(0.15555645,0.15877553)|0.00013783|
10x3-0|(0.17768323,0.54518664)(0.21419628,0.16489825)|0.00001785|
10x4-0|(0.23750250,0.53764158)(0.21563292,0.14363403)|0.00001840|
10x5-0|(0.29716295,0.53665900)(0.45253472,0.11500098)|0.00010431|
10x6-0|(0.34892121,0.53890926)(0.46309455,0.10574375)|0.00033306|
10x7-0|(0.39914122,0.54823297)(0.48794918,0.10798725)|0.00048202|
10x8-0|(0.44929686,0.54563791)(0.57114594,0.10194796)|0.00020321|
10x9-0|(0.50450230,0.54163671)(0.40462309,0.11812237)|0.00062601|
10x10-0|(0.54580188,0.54045165)(0.39280127,0.14138156)|0.00027336|
10x11-0|(0.61092669,0.54625636)(0.18240381,0.15680309)|0.00041168|
10x12-0|(0.65077800,0.55471981)(0.17892795,0.15348510)|0.00010938|
10x13-0|(0.72818184,0.56380218)(0.18952268,0.17119268)|0.00023947|
10x14-0|(0.75690055,0.55346578)(0.18543962,0.18967646)|0.07702217|
10x15-0|(0.80417025,0.55307221)(0.20520558,0.15430354)|0.00006773|
10x16-0|(0.86229062,0.54832220)(0.15225639,0.14385103)|0.00031507|
10x17-0|(0.91074312,0.55149382)(0.15479531,0.15786265)|0.00002444|
10x18-0|(0.97289163,0.54848480)(0.22195321,0.13596082)|0.00000028|
11x0-0|(0.02627986,0.61012381)(0.14529915,0.17723844)|0.00000049|
11x1-0|(0.07957409,0.60435849)(0.15780694,0.21053913)|0.00002261|
11x2-0|(0.12532152,0.59218371)(0.16482141,0.17449274)|0.00000351|
11x3-0|(0.17988440,0.59386557)(0.19967308,0.14113060)|0.00000026|
11x4-0|(0.24459931,0.59922963)(0.17901576,0.12328900)|0.00000083|
11x5-0|(0.29510602,0.59548366)(0.28698257,0.12425599)|0.00000326|
11x6-0|(0.34566000,0.59314293)(0.31884418,0.11843549)|0.00000778|
11x7-0|(0.40199056,0.59921181)(0.23304924,0.11558810)|0.00001640|
11x8-0|(0.44127464,0.59555846)(0.33039290,0.09494491)|0.00000422|
11x9-0|(0.50372094,0.58896369)(0.37911294,0.09957685)|0.00001031|
11x10-0|(0.55460703,0.59492660)(0.29843651,0.10302966)|0.00001579|
11x11-0|(0.60824591,0.59122396)(0.16497642,0.11746514)|0.00005116|
11x12-0|(0.65770066,0.59216845)(0.20385548,0.13624295)|0.00003643|
11x13-0|(0.73121601,0.59728509)(0.17573653,0.17554403)|0.00158659|
11x14-0|(0.74904823,0.59149218)(0.19106829,0.18987552)|0.08151751|
11x15-0|(0.80233991,0.59549224)(0.21516358,0.16393998)|0.00005557|
11x16-0|(0.87225580,0.60169911)(0.16479268,0.16287918)|0.00006955|
11x17-0|(0.91731924,0.62115020)(0.14620970,0.15415470)|0.00031713|
11x18-0|(0.96694678,0.61008149)(0.18504137,0.14569864)|0.00000034|
12x0-0|(0.02411684,0.64914173)(0.14050074,0.21100927)|0.00000023|
12x1-0|(0.08079521,0.65727061)(0.17265822,0.22403771)|0.00006333|
12x2-0|(0.12866364,0.67149830)(0.16975067,0.18347345)|0.00001942|
12x3-0|(0.18064231,0.66905993)(0.19536473,0.16837057)|0.00000125|
12x4-0|(0.24138527,0.65864974)(0.19592054,0.15483274)|0.00000127|
12x5-0|(0.29231846,0.66140544)(0.28763732,0.15398842)|0.00000092|
12x6-0|(0.35344157,0.66580051)(0.32581371,0.12603547)|0.00000260|
12x7-0|(0.40812653,0.68071347)(0.21035064,0.13402144)|0.25396162|
12x8-0|(0.42564899,0.67386961)(0.21950554,0.12037057)|0.00062387|
12x9-0|(0.49317190,0.65868008)(0.50472782,0.09278285)|0.00000329|
12x10-0|(0.54883599,0.65564406)(0.50122715,0.09632519)|0.00000459|
12x11-0|(0.60779333,0.64922571)(0.42896853,0.10288243)|0.00000412|
12x12-0|(0.65924883,0.65200377)(0.41957870,0.10914862)|0.00000975|
12x13-0|(0.72978097,0.64537412)(0.16697918,0.11968762)|0.00041177|
12x14-0|(0.74277830,0.64316118)(0.17651349,0.13012873)|0.00073145|
12x15-0|(0.80426913,0.64701146)(0.25382619,0.13828818)|0.00000499|
12x16-0|(0.88625538,0.64514017)(0.17496862,0.14603185)|0.00002046|
12x17-0|(0.91826200,0.64471835)(0.13945589,0.13362753)|0.00428993|
12x18-0|(0.96596575,0.64707845)(0.16963563,0.14159031)|0.00000076|
13x0-0|(0.01803013,0.71375132)(0.14044779,0.13221028)|0.00000032|
13x1-0|(0.08846543,0.71135938)(0.18692696,0.14843700)|0.00021762|
13x2-0|(0.13216288,0.70984405)(0.17538692,0.14450616)|0.00051710|
13x3-0|(0.17693865,0.71595478)(0.22730252,0.13729532)|0.00005807|
13x4-0|(0.23830418,0.72119588)(0.24559956,0.12965378)|0.00003488|
13x5-0|(0.29442900,0.72316438)(0.28274500,0.12157094)|0.00004757|
13x6-0|(0.35623628,0.71765405)(0.32261808,0.12872186)|0.00357819|
13x7-0|(0.40332663,0.70327502)(0.20820358,0.14874814)|0.99391311|
13x8-0|(0.42425507,0.70243979)(0.24274692,0.14803629)|0.16715506|
13x9-0|(0.48810232,0.70755696)(0.60511959,0.12652397)|0.00004788|
13x10-0|(0.54845244,0.71189266)(0.60554426,0.11782196)|0.00001577|
13x11-0|(0.60397786,0.71130365)(0.64420742,0.10915580)|0.00000443|
13x12-0|(0.65406543,0.70934153)(0.60722015,0.09914620)|0.00000482|
13x13-0|(0.71751273,0.70183551)(0.39150331,0.10579265)|0.00000505|
13x14-0|(0.75166619,0.69853646)(0.28620942,0.11847331)|0.00000241|
13x15-0|(0.81283641,0.71014535)(0.27730739,0.12551813)|0.00000253|
13x16-0|(0.86807561,0.70972157)(0.24436891,0.12112135)|0.00000069|
13x17-0|(0.91841435,0.70623064)(0.17369978,0.13783351)|0.00000532|
13x18-0|(0.98241395,0.71221542)(0.22375814,0.12040014)|0.00000005|
14x0-0|(0.01989794,0.75457746)(0.17092391,0.10454156)|0.00000003|
14x1-0|(0.09081481,0.74689412)(0.19272957,0.09461228)|0.00001968|
14x2-0|(0.12521733,0.74628216)(0.22014605,0.08790761)|0.00004229|
14x3-0|(0.18686569,0.74612075)(0.26933113,0.08173992)|0.00001691|
14x4-0|(0.23981303,0.74650609)(0.27863958,0.07827809)|0.00003153|
14x5-0|(0.29882240,0.74642485)(0.28241172,0.07021462)|0.00006437|
14x6-0|(0.35063556,0.74757886)(0.29644467,0.06613198)|0.00068604|
14x7-0|(0.39432809,0.74180156)(0.22946553,0.08045297)|0.00377882|
14x8-0|(0.43138987,0.74276370)(0.28974596,0.07768472)|0.00002008|
14x9-0|(0.49416688,0.75083590)(0.50413782,0.07191667)|0.00000191|
14x10-0|(0.54947329,0.75217927)(0.54831172,0.07002312)|0.00000253|
14x11-0|(0.60411912,0.74860305)(0.57356716,0.06743121)|0.00000154|
14x12-0|(0.65154690,0.74701029)(0.56344700,0.06476610)|0.00000306|
14x13-0|(0.71156943,0.74884826)(0.52017486,0.07132313)|0.00000350|
14x14-0|(0.75400925,0.75211716)(0.49421194,0.07810498)|0.00000219|
14x15-0|(0.81566811,0.75161803)(0.32036297,0.08710376)|0.00000058|
14x16-0|(0.86968303,0.75238127)(0.24909177,0.08497049)|0.00000028|
14x17-0|(0.91619986,0.75537008)(0.15981545,0.11357831)|0.00000089|
14x18-0|(0.98272282,0.76047963)(0.21801888,0.10180844)|0.00000002|
15x0-0|(0.01985863,0.82849169)(0.14162595,0.11518663)|0.00000002|
15x1-0|(0.08657537,0.82572556)(0.17213844,0.11346501)|0.00000067|
15x2-0|(0.11631168,0.81525356)(0.20968765,0.13799461)|0.00000002|
15x3-0|(0.18748908,0.80264533)(0.27353723,0.10286919)|0.00000000|
15x4-0|(0.23742801,0.80155969)(0.29355339,0.09135110)|0.00000000|
15x5-0|(0.29689771,0.79901910)(0.33458467,0.09083018)|0.00000000|
15x6-0|(0.35061860,0.80195510)(0.32711053,0.08224985)|0.00000004|
15x7-0|(0.39085272,0.79986173)(0.31432964,0.09095734)|0.00000004|
15x8-0|(0.44157329,0.80477858)(0.32028803,0.09181557)|0.00000001|
15x9-0|(0.50391549,0.81018394)(0.35187847,0.09423708)|0.00000007|
15x10-0|(0.55063999,0.81588942)(0.32068427,0.08801018)|0.00000034|
15x11-0|(0.59964520,0.81502676)(0.36043235,0.08262218)|0.00000013|
15x12-0|(0.65323752,0.81933612)(0.33950824,0.08419875)|0.00000010|
15x13-0|(0.71170795,0.82376444)(0.34800803,0.08482714)|0.00000005|
15x14-0|(0.75823033,0.82222760)(0.30634591,0.07636030)|0.00000001|
15x15-0|(0.81618136,0.81895632)(0.27642009,0.08435402)|0.00000001|
15x16-0|(0.88169330,0.81879407)(0.19933000,0.07859270)|0.00000001|
15x17-0|(0.91884816,0.82381505)(0.17221083,0.13655996)|0.00000223|
15x18-0|(0.98127127,0.82893997)(0.14948283,0.13064281)|0.00000057|
16x0-0|(0.01077481,0.85538793)(0.22053324,0.09594375)|0.00000025|
16x1-0|(0.09065541,0.87114316)(0.15599534,0.11660263)|0.00000548|
16x2-0|(0.11559800,0.88425177)(0.17675603,0.13114204)|0.00000005|
16x3-0|(0.18190038,0.87830502)(0.17511090,0.14765107)|0.00000000|
16x4-0|(0.23619208,0.87707943)(0.18177013,0.14211094)|0.00000000|
16x5-0|(0.29689419,0.87334967)(0.19047530,0.14981051)|0.00000000|
16x6-0|(0.34658632,0.87737566)(0.20442165,0.13785577)|0.00000003|
16x7-0|(0.38912892,0.87432021)(0.19411460,0.14576894)|0.00000005|
16x8-0|(0.44800502,0.87930697)(0.18614630,0.14654992)|0.00000002|
16x9-0|(0.50255990,0.88330418)(0.18172293,0.13918234)|0.00000013|
16x10-0|(0.55374736,0.88259768)(0.17389110,0.13253777)|0.00000137|
16x11-0|(0.60072052,0.88166857)(0.19176819,0.13102488)|0.00000069|
16x12-0|(0.65449673,0.88293368)(0.18934952,0.13183044)|0.00000070|
16x13-0|(0.70867294,0.87758398)(0.17878555,0.13905283)|0.00000027|
16x14-0|(0.76014686,0.87972409)(0.20807850,0.11125640)|0.00000001|
16x15-0|(0.81414002,0.87822866)(0.21320716,0.11940236)|0.00000000|
16x16-0|(0.86623526,0.86667913)(0.17235736,0.08479081)|0.00000000|
16x17-0|(0.93458337,0.87156588)(0.27006729,0.13120298)|0.00000034|
16x18-0|(0.97299886,0.86476946)(0.17893565,0.16029039)|0.00000099|
17x0-0|(0.04904297,0.93630189)(0.09060039,0.18502043)|0.00000004|
17x1-0|(0.06468493,0.94461763)(0.16209519,0.14861309)|0.00000575|
17x2-0|(0.11318480,0.93808687)(0.16867166,0.15036593)|0.00000006|
17x3-0|(0.17571883,0.92455029)(0.18831746,0.15489312)|0.00000000|
17x4-0|(0.23254566,0.92131966)(0.19961418,0.13011564)|0.00000000|
17x5-0|(0.29747838,0.92093527)(0.21856657,0.12799494)|0.00000000|
17x6-0|(0.34332696,0.91665930)(0.16074363,0.14983473)|0.00000000|
17x7-0|(0.39028290,0.91690183)(0.19509964,0.16285925)|0.00000000|
17x8-0|(0.45284724,0.91739577)(0.18238671,0.16762808)|0.00000000|
17x9-0|(0.50438565,0.91698045)(0.18454215,0.15719264)|0.00000000|
17x10-0|(0.55174422,0.91625494)(0.18109172,0.15136479)|0.00000001|
17x11-0|(0.60428101,0.91261071)(0.20789007,0.13513368)|0.00000002|
17x12-0|(0.65544420,0.91420525)(0.17785068,0.12799182)|0.00000011|
17x13-0|(0.70566177,0.90860295)(0.18538640,0.13156584)|0.00000006|
17x14-0|(0.76049173,0.91986305)(0.16225043,0.11468874)|0.00000000|
17x15-0|(0.81865621,0.91429782)(0.18690069,0.14383681)|0.00000010|
17x16-0|(0.86036080,0.93406445)(0.19433899,0.09087192)|0.00000029|
17x17-0|(0.93333614,0.93504333)(0.18560617,0.08706283)|0.00000395|
17x18-0|(0.96831822,0.94047469)(0.20911045,0.08306572)|0.00000524|
18x0-0|(0.04347936,0.95085555)(0.15702035,0.07112375)|0.00000001|
18x1-0|(0.06066697,0.95001864)(0.14566605,0.08807594)|0.00000032|
18x2-0|(0.11880326,0.95724636)(0.14523287,0.13664016)|0.00000000|
18x3-0|(0.17560846,0.96593112)(0.21751025,0.13793157)|0.00000000|
18x4-0|(0.24074161,0.97253978)(0.18008364,0.12294343)|0.00000000|
18x5-0|(0.30050233,0.98140907)(0.26221606,0.10408788)|0.00000000|
18x6-0|(0.34040818,0.97484195)(0.22142294,0.10268567)|0.00000000|
18x7-0|(0.39459389,0.97620392)(0.24871454,0.09141158)|0.00000001|
18x8-0|(0.45052949,0.97586221)(0.35556331,0.07989146)|0.00000001|
18x9-0|(0.49740922,0.97789854)(0.41885210,0.07539501)|0.00000002|
18x10-0|(0.55023646,0.97711003)(0.36499239,0.07456725)|0.00000002|
18x11-0|(0.59990120,0.97848529)(0.32877358,0.07213878)|0.00000010|
18x12-0|(0.65653342,0.97229397)(0.27853594,0.06126950)|0.00000009|
18x13-0|(0.70107132,0.96681827)(0.20800741,0.08278196)|0.00000003|
18x14-0|(0.76198524,0.96483654)(0.18147458,0.08255830)|0.00000002|
18x15-0|(0.81830323,0.95454639)(0.22178559,0.09063984)|0.00000070|
18x16-0|(0.86376017,0.95815670)(0.23187924,0.06005484)|0.00000106|
18x17-0|(0.93201238,0.95089513)(0.24419131,0.06421609)|0.00000364|
18x18-0|(0.95589316,0.96496511)(0.58676783,0.07542807)|0.00000970|
0x0-1|(0.03254466,0.02667650)(0.14006801,0.43983877)|0.00000019|
0x1-1|(0.09520393,0.03188213)(0.38017434,0.39306003)|0.00000132|
0x2-1|(0.11506873,0.04035454)(0.28767075,0.26397543)|0.00000000|
0x3-1|(0.17627776,0.03161240)(0.32725366,0.35610661)|0.00000002|
0x4-1|(0.23878989,0.01863194)(0.26655579,0.34669497)|0.00000000|
0x5-1|(0.29571101,0.01698124)(0.27014646,0.46448625)|0.00000000|
0x6-1|(0.33024597,0.02041250)(0.25348897,0.37992843)|0.00000000|
0x7-1|(0.39781204,0.02493293)(0.21997249,0.49054869)|0.00000001|
0x8-1|(0.45009702,0.02510006)(0.23944047,0.39776555)|0.00000000|
0x9-1|(0.50264144,0.03279322)(0.23433950,0.42191868)|0.00000004|
0x10-1|(0.55340976,0.03348117)(0.24110818,0.44593059)|0.00000011|
0x11-1|(0.60694247,0.03355754)(0.24957896,0.43595245)|0.00000013|
0x12-1|(0.64774942,0.02579050)(0.23444401,0.40330262)|0.00000011|
0x13-1|(0.70247954,0.03378985)(0.23702029,0.42703507)|0.00000010|
0x14-1|(0.76392698,0.02629460)(0.21581444,0.38729773)|0.00000005|
0x15-1|(0.80550259,0.04056603)(0.23436327,0.33298512)|0.00000028|
0x16-1|(0.86333829,0.03336925)(0.32392553,0.33099356)|0.00000009|
0x17-1|(0.94531208,0.04898642)(0.36707899,0.20023915)|0.00000000|
0x18-1|(0.94775182,0.01678457)(0.40816153,0.80452576)|0.00000000|
1x0-1|(0.04889636,0.07344119)(0.12692237,0.32093666)|0.00000002|
1x1-1|(0.07091454,0.07948349)(0.36912938,0.19033284)|0.00000008|
1x2-1|(0.11575875,0.07205286)(0.34683168,0.22759148)|0.00000001|
1x3-1|(0.17023377,0.07581016)(0.28991481,0.26756424)|0.00000001|
1x4-1|(0.23317333,0.07055319)(0.27518820,0.26126210)|0.00000000|
1x5-1|(0.29696307,0.08160950)(0.23596643,0.26326895)|0.00000000|
1x6-1|(0.32928395,0.06372979)(0.22848197,0.26873451)|0.00000000|
1x7-1|(0.39602384,0.07621104)(0.20247306,0.29648159)|0.00000000|
1x8-1|(0.45785141,0.06378033)(0.22416792,0.28023367)|0.00000000|
1x9-1|(0.51387554,0.06811848)(0.20115950,0.30031527)|0.00000000|
1x10-1|(0.56485677,0.06997816)(0.19250264,0.32833967)|0.00000001|
1x11-1|(0.61987829,0.07677955)(0.20825323,0.32041818)|0.00000001|
1x12-1|(0.66332132,0.06293370)(0.18955090,0.35429666)|0.00000001|
1x13-1|(0.71440029,0.07655881)(0.20219180,0.44226763)|0.00000001|
1x14-1|(0.75876415,0.06457720)(0.21022278,0.43275875)|0.00000000|
1x15-1|(0.82452738,0.07819039)(0.20818121,0.39812327)|0.00000026|
1x16-1|(0.84869516,0.06507617)(0.17112517,0.40873579)|0.00000013|
1x17-1|(0.92947626,0.07855587)(0.26765816,0.27530279)|0.00000001|
1x18-1|(0.94961208,0.06674312)(0.30160373,0.24690997)|0.00000000|
2x0-1|(0.04590316,0.13021481)(0.23399893,0.35074354)|0.00000002|
2x1-1|(0.07884825,0.12759341)(0.40684278,0.22622497)|0.00000010|
2x2-1|(0.11820143,0.12199467)(0.40179311,0.27466954)|0.00000000|
2x3-1|(0.17983972,0.12857555)(0.29472865,0.42521886)|0.00000000|
2x4-1|(0.24337563,0.12755240)(0.20854160,0.40904967)|0.00000000|
2x5-1|(0.29427469,0.12276622)(0.21530109,0.43585501)|0.00000000|
2x6-1|(0.32765344,0.11517587)(0.22634899,0.33300758)|0.00000000|
2x7-1|(0.38915852,0.12993911)(0.24264147,0.39160411)|0.00000000|
2x8-1|(0.45089185,0.12866206)(0.23409106,0.34367598)|0.00000000|
2x9-1|(0.50168949,0.13228045)(0.22884464,0.35817841)|0.00000005|
2x10-1|(0.54813462,0.13331799)(0.23904580,0.37108584)|0.00000020|
2x11-1|(0.60185218,0.13282655)(0.23729190,0.37004181)|0.00000033|
2x12-1|(0.64523077,0.12700987)(0.21905265,0.36113795)|0.00000013|
2x13-1|(0.70074576,0.12842631)(0.21841925,0.38541195)|0.00000014|
2x14-1|(0.74801940,0.12941134)(0.20346572,0.44906750)|0.00000005|
2x15-1|(0.81928533,0.13073115)(0.21494670,0.38383118)|0.00000101|
2x16-1|(0.86191028,0.13267839)(0.23254612,0.34179868)|0.00000066|
2x17-1|(0.91622281,0.13536027)(0.26830937,0.27661434)|0.00000212|
2x18-1|(0.96209598,0.12224331)(0.24345729,0.35444126)|0.00000016|
3x0-1|(0.04043432,0.16869894)(0.21854560,0.33855809)|0.00000000|
3x1-1|(0.07957411,0.17234837)(0.31605468,0.24348048)|0.00000000|
3x2-1|(0.13332598,0.17312470)(0.23778646,0.30895288)|0.00000000|
3x3-1|(0.18629588,0.17915624)(0.22390488,0.35517783)|0.00000000|
3x4-1|(0.24483787,0.17721237)(0.21361018,0.41518313)|0.00000000|
3x5-1|(0.29137552,0.17679319)(0.21138954,0.38927754)|0.00000000|
3x6-1|(0.33816904,0.16720140)(0.21408880,0.28591817)|0.00000000|
3x7-1|(0.39433047,0.17991282)(0.23108047,0.30703098)|0.00000000|
3x8-1|(0.45433411,0.17237072)(0.21167821,0.30523455)|0.00000000|
3x9-1|(0.50999099,0.17232908)(0.19872805,0.32417791)|0.00000002|
3x10-1|(0.55760723,0.17251180)(0.20387136,0.32940913)|0.00000003|
3x11-1|(0.61009884,0.17254528)(0.21474784,0.36343241)|0.00000009|
3x12-1|(0.65792042,0.17038055)(0.19300146,0.40674802)|0.00000007|
3x13-1|(0.71117651,0.17481396)(0.18493710,0.40762909)|0.00000005|
3x14-1|(0.75759298,0.16885386)(0.17501863,0.47391420)|0.00000005|
3x15-1|(0.81793916,0.16858219)(0.18252036,0.50640057)|0.00000020|
3x16-1|(0.86366886,0.16808189)(0.19924947,0.65847660)|0.00000001|
3x17-1|(0.93858451,0.17428428)(0.15990911,0.51636185)|0.00000011|
3x18-1|(0.96387494,0.18292296)(0.16641199,0.65969863)|0.00000012|
4x0-1|(0.03193713,0.22352296)(0.25145204,0.38245468)|0.00000000|
4x1-1|(0.08352676,0.22635852)(0.24543751,0.33201191)|0.00000000|
4x2-1|(0.12876529,0.22371688)(0.27681586,0.31381953)|0.00000000|
4x3-1|(0.18255247,0.22574641)(0.26522907,0.34115311)|0.00000000|
4x4-1|(0.24254303,0.22301637)(0.23833180,0.44726687)|0.00000000|
4x5-1|(0.29088524,0.22696382)(0.24199443,0.35351841)|0.00000000|
4x6-1|(0.33363712,0.22821984)(0.24012160,0.29950276)|0.00000000|
4x7-1|(0.39233923,0.23716079)(0.29720194,0.30434127)|0.00000000|
4x8-1|(0.44732159,0.23604180)(0.31738623,0.27513176)|0.00000000|
4x9-1|(0.50111455,0.23436697)(0.30123388,0.27968280)|0.00000000|
4x10-1|(0.55076772,0.24010344)(0.29213655,0.27474378)|0.00000000|
4x11-1|(0.60447747,0.24202849)(0.27484152,0.28429467)|0.00000000|
4x12-1|(0.65671366,0.23402910)(0.23711964,0.37974699)|0.00000002|
4x13-1|(0.71192056,0.23160985)(0.21557224,0.41430984)|0.00000001|
4x14-1|(0.75405008,0.22880925)(0.23086778,0.43868745)|0.00000001|
4x15-1|(0.81782460,0.23736918)(0.21797456,0.36473451)|0.00000000|
4x16-1|(0.87823224,0.23725370)(0.22825271,0.42530075)|0.00000001|
4x17-1|(0.92320263,0.23944382)(0.19884549,0.36645234)|0.00000023|
4x18-1|(0.97470725,0.22908698)(0.23680164,0.45386360)|0.00000011|
5x0-1|(0.02908756,0.28900185)(0.25940200,0.39344506)|0.00000000|
5x1-1|(0.08047523,0.28829536)(0.22313029,0.32882227)|0.00000000|
5x2-1|(0.12892663,0.28765762)(0.27278513,0.31502841)|0.00000000|
5x3-1|(0.18741231,0.29559439)(0.35224558,0.25786651)|0.00000000|
5x4-1|(0.23765513,0.29118842)(0.27566875,0.31930024)|0.00000000|
5x5-1|(0.29193994,0.29535255)(0.31844906,0.25780211)|0.00000001|
5x6-1|(0.33632764,0.29357147)(0.35416840,0.24629919)|0.00000001|
5x7-1|(0.39343926,0.29449162)(0.36579736,0.23855524)|0.00000001|
5x8-1|(0.44852471,0.29841435)(0.35220583,0.24186249)|0.00000002|
5x9-1|(0.50466287,0.29723859)(0.34890989,0.23583546)|0.00000006|
5x10-1|(0.55731785,0.29757187)(0.36483326,0.22618773)|0.00000018|
5x11-1|(0.60546762,0.29882300)(0.34889305,0.23758690)|0.00000025|
5x12-1|(0.65763879,0.29901090)(0.29983102,0.26253854)|0.00000007|
5x13-1|(0.71133465,0.30089545)(0.28443261,0.28134928)|0.00000004|
5x14-1|(0.76593727,0.30191034)(0.31873266,0.28612967)|0.00000010|
5x15-1|(0.82530487,0.30349585)(0.27126760,0.26404790)|0.00000016|
5x16-1|(0.87332875,0.29937086)(0.24131374,0.28244884)|0.00000134|
5x17-1|(0.91368222,0.29643735)(0.20311743,0.30377657)|0.00000057|
5x18-1|(0.97122854,0.28655124)(0.23137877,0.46628036)|0.00000008|
6x0-1|(0.03552117,0.34517407)(0.20421640,0.47219773)|0.00000000|
6x1-1|(0.08207485,0.35434276)(0.17819779,0.36074685)|0.00000003|
6x2-1|(0.13037312,0.35837004)(0.24616877,0.29051725)|0.00000000|
6x3-1|(0.19251554,0.35941005)(0.35207841,0.22603193)|0.00000001|
6x4-1|(0.24274488,0.35356808)(0.31913067,0.23873964)|0.00000007|
6x5-1|(0.28964585,0.35249239)(0.33219551,0.22854104)|0.00000106|
6x6-1|(0.33735308,0.35021690)(0.35609882,0.23745037)|0.00000022|
6x7-1|(0.39191917,0.35095829)(0.37648467,0.23783592)|0.00000025|
6x8-1|(0.44696307,0.34813476)(0.34891793,0.24161772)|0.00000005|
6x9-1|(0.50202864,0.34884897)(0.32091993,0.24352545)|0.00000014|
6x10-1|(0.55149436,0.34815618)(0.33962862,0.25152021)|0.00000046|
6x11-1|(0.60466981,0.34739101)(0.30993804,0.26272504)|0.00000159|
6x12-1|(0.66164321,0.35099706)(0.27489376,0.28608057)|0.00000184|
6x13-1|(0.71266526,0.35364237)(0.28320161,0.29280272)|0.00000189|
6x14-1|(0.76584369,0.35161754)(0.31032687,0.29613935)|0.00000360|
6x15-1|(0.82925814,0.35537058)(0.27699281,0.28956038)|0.00001398|
6x16-1|(0.87120008,0.35395256)(0.23634499,0.29515615)|0.00005515|
6x17-1|(0.91156477,0.35227427)(0.20663700,0.33850154)|0.00000557|
6x18-1|(0.96610290,0.34803757)(0.23398113,0.49081904)|0.00000036|
7x0-1|(0.03581195,0.39544803)(0.16098047,0.52911651)|0.00000000|
7x1-1|(0.07983334,0.40096685)(0.15161942,0.34120457)|0.00000118|
7x2-1|(0.12984650,0.40325746)(0.23456665,0.29246898)|0.00000024|
7x3-1|(0.18777324,0.40190402)(0.36498603,0.23065222)|0.00000111|
7x4-1|(0.24313946,0.39917609)(0.32349623,0.22014152)|0.00000060|
7x5-1|(0.29169545,0.40676600)(0.30713994,0.17673328)|0.00005206|
7x6-1|(0.33513609,0.40527573)(0.38870392,0.17810469)|0.00000309|
7x7-1|(0.39221787,0.39891517)(0.41721715,0.18976835)|0.00000116|
7x8-1|(0.44440198,0.39862594)(0.40475893,0.20279758)|0.00000106|
7x9-1|(0.50679171,0.39736071)(0.34955414,0.22240811)|0.00000719|
7x10-1|(0.54658341,0.39884326)(0.32146518,0.21870652)|0.00000682|
7x11-1|(0.60801309,0.39298287)(0.29492152,0.24645381)|0.00001385|
7x12-1|(0.66892856,0.40049875)(0.28073898,0.26345265)|0.00011383|
7x13-1|(0.71125686,0.40516216)(0.27182712,0.28383155)|0.00006674|
7x14-1|(0.76124156,0.40330234)(0.34691262,0.27411379)|0.00004784|
7x15-1|(0.82885677,0.40353912)(0.30074786,0.29283806)|0.00009955|
7x16-1|(0.86841822,0.40557864)(0.23862542,0.31222004)|0.00113395|
7x17-1|(0.90866733,0.40414596)(0.21412975,0.33773969)|0.00008121|
7x18-1|(0.96280026,0.39722705)(0.23079307,0.46484452)|0.00000257|
8x0-1|(0.03749958,0.44974744)(0.14021613,0.62787423)|0.00000002|
8x1-1|(0.08299524,0.45054877)(0.14239530,0.40964768)|0.00000476|
8x2-1|(0.13402157,0.45094395)(0.22680485,0.32995774)|0.00000263|
8x3-1|(0.18697952,0.45322779)(0.28736729,0.27952780)|0.00000369|
8x4-1|(0.24556722,0.45496926)(0.27492433,0.22723787)|0.00000978|
8x5-1|(0.29527459,0.45345011)(0.27084500,0.20560612)|0.00087894|
8x6-1|(0.33079198,0.45747522)(0.32354170,0.20979435)|0.00004626|
8x7-1|(0.39002559,0.45557141)(0.39331890,0.20424167)|0.00000419|
8x8-1|(0.44804728,0.45748681)(0.47074004,0.19515355)|0.00003088|
8x9-1|(0.50513422,0.45515633)(0.40373257,0.21212007)|0.00012398|
8x10-1|(0.54187131,0.45360303)(0.34683165,0.23130044)|0.00004364|
8x11-1|(0.60513169,0.44896293)(0.27274275,0.24634573)|0.00000867|
8x12-1|(0.66719735,0.44339150)(0.26608810,0.26441329)|0.00009543|
8x13-1|(0.71108186,0.44656396)(0.29922074,0.25901406)|0.00006930|
8x14-1|(0.76602107,0.45221749)(0.33804262,0.25061240)|0.00028478|
8x15-1|(0.82401967,0.45273304)(0.30231216,0.29409533)|0.00031436|
8x16-1|(0.86862516,0.45337465)(0.23992448,0.29012428)|0.00348671|
8x17-1|(0.90742904,0.45626590)(0.21095398,0.33357430)|0.00042182|
8x18-1|(0.96290690,0.44937384)(0.21761176,0.46424085)|0.00000388|
9x0-1|(0.03928268,0.50304842)(0.13035228,0.60518679)|0.00000016|
9x1-1|(0.08082124,0.50471705)(0.15051501,0.41893139)|0.00001757|
9x2-1|(0.13315928,0.50516325)(0.22025731,0.32229237)|0.00000275|
9x3-1|(0.18474519,0.50657082)(0.24392192,0.27722706)|0.00000523|
9x4-1|(0.24586625,0.50334710)(0.25270338,0.26459980)|0.00002754|
9x5-1|(0.29343325,0.49792340)(0.35999589,0.23298876)|0.00083811|
9x6-1|(0.33516908,0.49954721)(0.35354005,0.22482701)|0.00014300|
9x7-1|(0.39460969,0.50464749)(0.41063932,0.22231670)|0.00005385|
9x8-1|(0.45056254,0.50270718)(0.43963628,0.21565630)|0.00018366|
9x9-1|(0.50396878,0.50481659)(0.41999029,0.20819956)|0.00122885|
9x10-1|(0.53998834,0.50268686)(0.39083854,0.22852035)|0.00036719|
9x11-1|(0.60473335,0.50557619)(0.26799885,0.24508893)|0.00002537|
9x12-1|(0.66093463,0.50353926)(0.26434110,0.25443331)|0.00004374|
9x13-1|(0.72739440,0.51452571)(0.25828996,0.26220290)|0.00116808|
9x14-1|(0.76967126,0.51969457)(0.23611017,0.27333963)|0.90099329|
9x15-1|(0.80476171,0.51144147)(0.26399510,0.28866793)|0.01902661|
9x16-1|(0.87142795,0.49719042)(0.23459571,0.32807506)|0.00280907|
9x17-1|(0.90499449,0.50031930)(0.19331954,0.34724491)|0.00041967|
9x18-1|(0.96156836,0.49745706)(0.20418795,0.49164792)|0.00000253|
10x0-1|(0.03761222,0.54560834)(0.12746422,0.56469502)|0.00000054|
10x1-1|(0.08027194,0.55065286)(0.15502442,0.37970651)|0.00001965|
10x2-1|(0.13591051,0.55530149)(0.20786309,0.29117706)|0.00000480|
10x3-1|(0.18123779,0.55336267)(0.22764537,0.24202413)|0.00000950|
10x4-1|(0.23789942,0.54584515)(0.23757391,0.23519917)|0.00001668|
10x5-1|(0.29766363,0.54244846)(0.43163288,0.21204562)|0.00134322|
10x6-1|(0.33886632,0.54334539)(0.43396943,0.21064622)|0.00105618|
10x7-1|(0.39214095,0.54856372)(0.44738699,0.22409853)|0.00008948|
10x8-1|(0.44528368,0.54350549)(0.48084572,0.21652679)|0.00009726|
10x9-1|(0.50263602,0.54334778)(0.44351204,0.18711985)|0.00037945|
10x10-1|(0.54001892,0.54260159)(0.40826371,0.19055079)|0.00031843|
10x11-1|(0.60593867,0.54275852)(0.28720492,0.21198606)|0.00001958|
10x12-1|(0.66104746,0.54687899)(0.29425955,0.23810324)|0.00004290|
10x13-1|(0.73129416,0.54969472)(0.24529390,0.27759422)|0.03895115|
10x14-1|(0.76745290,0.54752320)(0.23016851,0.28945883)|0.99013841|
10x15-1|(0.79639542,0.54662532)(0.27759999,0.29003186)|0.12983362|
10x16-1|(0.87051404,0.54254395)(0.23498096,0.34732332)|0.00035307|
10x17-1|(0.91132355,0.55069214)(0.17666142,0.37255074)|0.00019965|
10x18-1|(0.96040267,0.55359221)(0.17542827,0.55414782)|0.00000140|
11x0-1|(0.03985908,0.60942721)(0.12433582,0.43294527)|0.00000144|
11x1-1|(0.07802188,0.61569554)(0.16002783,0.31679053)|0.00024030|
11x2-1|(0.12894043,0.60506272)(0.19987614,0.32073656)|0.00006254|
11x3-1|(0.17610820,0.60050601)(0.24504702,0.32056544)|0.00000599|
11x4-1|(0.24016656,0.59838367)(0.27746794,0.31258723)|0.00000467|
11x5-1|(0.29332694,0.59456617)(0.39983815,0.27635887)|0.00007977|
11x6-1|(0.33947170,0.59247553)(0.42900082,0.26351472)|0.00010450|
11x7-1|(0.39549354,0.59442163)(0.37424605,0.28842788)|0.00004338|
11x8-1|(0.44316342,0.58959073)(0.45177474,0.26650476)|0.00000790|
11x9-1|(0.50369579,0.58955353)(0.42929268,0.23791345)|0.00000993|
11x10-1|(0.54667264,0.59130782)(0.37989308,0.25302422)|0.00000927|
11x11-1|(0.61193365,0.59305459)(0.31742964,0.25100682)|0.00000451|
11x12-1|(0.66071558,0.59631300)(0.30579731,0.23714334)|0.00001076|
11x13-1|(0.72624356,0.58981484)(0.24736152,0.23605934)|0.00052275|
11x14-1|(0.76065683,0.58608574)(0.21808136,0.26048899)|0.41003358|
11x15-1|(0.80133879,0.58755749)(0.28821955,0.27684036)|0.00131560|
11x16-1|(0.86996126,0.59268510)(0.23821962,0.32111169)|0.00003121|
11x17-1|(0.91652310,0.59227300)(0.18522279,0.37331059)|0.00003417|
11x18-1|(0.96526265,0.59796757)(0.16521223,0.51264281)|0.00000090|
12x0-1|(0.03911929,0.64078414)(0.11533952,0.39041141)|0.00000099|
12x1-1|(0.07918137,0.64334601)(0.16655939,0.28049833)|0.00026937|
12x2-1|(0.12237923,0.64939743)(0.21003842,0.29662366)|0.00003143|
12x3-1|(0.17974834,0.65174878)(0.27548532,0.28496147)|0.00000189|
12x4-1|(0.23643699,0.65429640)(0.33227778,0.28544765)|0.00000054|
12x5-1|(0.29143676,0.65528041)(0.39823971,0.24826319)|0.00000127|
12x6-1|(0.34765866,0.66247618)(0.39732092,0.23564545)|0.00000235|
12x7-1|(0.39862809,0.66841763)(0.32160731,0.21602706)|0.00018623|
12x8-1|(0.43272376,0.66045892)(0.34562299,0.22197790)|0.00000364|
12x9-1|(0.49413747,0.65465820)(0.42863006,0.21294623)|0.00000084|
12x10-1|(0.54859424,0.65612686)(0.39116546,0.22990429)|0.00000108|
12x11-1|(0.61284524,0.65458608)(0.38336532,0.22897951)|0.00000037|
12x12-1|(0.65851843,0.64995694)(0.35554231,0.22077305)|0.00000143|
12x13-1|(0.71450031,0.64188802)(0.30389785,0.23172507)|0.00000261|
12x14-1|(0.75834864,0.63853908)(0.25221967,0.24853437)|0.00002638|
12x15-1|(0.81139767,0.64314830)(0.29684715,0.26568527)|0.00000252|
12x16-1|(0.87230581,0.64915377)(0.25622995,0.29234620)|0.00000225|
12x17-1|(0.91724306,0.64619493)(0.19888078,0.36189288)|0.00000223|
12x18-1|(0.97405493,0.65095502)(0.18135778,0.49840858)|0.00000057|
13x0-1|(0.03471659,0.69734818)(0.16181404,0.48710591)|0.00000006|
13x1-1|(0.08501691,0.69443595)(0.19694880,0.28316333)|0.00000165|
13x2-1|(0.13020229,0.69644547)(0.23478456,0.25314843)|0.00000373|
13x3-1|(0.18561709,0.69676900)(0.30241744,0.22532058)|0.00000152|
13x4-1|(0.23488423,0.69588190)(0.30759904,0.21495086)|0.00000038|
13x5-1|(0.29473776,0.69365883)(0.34357001,0.19743361)|0.00000040|
13x6-1|(0.35210994,0.69537997)(0.35915665,0.17698602)|0.00001391|
13x7-1|(0.39810094,0.69754982)(0.26302840,0.18986251)|0.01894819|
13x8-1|(0.43114135,0.69700593)(0.28639288,0.18560313)|0.00009307|
13x9-1|(0.49350217,0.69590425)(0.46477818,0.17454539)|0.00000180|
13x10-1|(0.55040914,0.69585615)(0.43200956,0.20387736)|0.00000069|
13x11-1|(0.61196250,0.69537938)(0.42469769,0.20861084)|0.00000018|
13x12-1|(0.66034204,0.69536746)(0.42803162,0.20318166)|0.00000024|
13x13-1|(0.71705240,0.69906831)(0.41390769,0.21313662)|0.00000029|
13x14-1|(0.75831825,0.70011163)(0.34438495,0.24021717)|0.00000045|
13x15-1|(0.81296128,0.69751376)(0.28917361,0.26014498)|0.00000078|
13x16-1|(0.86397052,0.69552815)(0.24735633,0.29285902)|0.00000016|
13x17-1|(0.91517335,0.69815493)(0.17934652,0.33283234)|0.00000023|
13x18-1|(0.97739309,0.70453185)(0.18179474,0.52300531)|0.00000008|
14x0-1|(0.03467322,0.76468521)(0.17831239,0.59491347)|0.00000005|
14x1-1|(0.08577961,0.76132375)(0.20332037,0.39741417)|0.00000171|
14x2-1|(0.12794724,0.75931591)(0.22393810,0.35280515)|0.00000114|
14x3-1|(0.18254161,0.75517070)(0.27678102,0.32319954)|0.00000009|
14x4-1|(0.23803975,0.75249147)(0.27659189,0.26945281)|0.00000003|
14x5-1|(0.29695782,0.75160050)(0.29473995,0.24337183)|0.00000002|
14x6-1|(0.35213289,0.74909943)(0.30890783,0.21531650)|0.00000014|
14x7-1|(0.40023470,0.74528027)(0.24089409,0.23022866)|0.00000125|
14x8-1|(0.43839931,0.74628967)(0.28543284,0.22030492)|0.00000002|
14x9-1|(0.50093168,0.75259745)(0.39372755,0.23765535)|0.00000002|
14x10-1|(0.55376756,0.75356591)(0.37875295,0.24709985)|0.00000001|
14x11-1|(0.61301696,0.75375491)(0.36966766,0.24158637)|0.00000000|
14x12-1|(0.65983772,0.75377184)(0.39731325,0.23237103)|0.00000000|
14x13-1|(0.71755308,0.75510299)(0.41409391,0.23192759)|0.00000001|
14x14-1|(0.75657320,0.75911009)(0.36884347,0.24057998)|0.00000003|
14x15-1|(0.81409597,0.76258922)(0.28139087,0.31456531)|0.00000005|
14x16-1|(0.86084354,0.76819730)(0.25583317,0.32334190)|0.00000001|
14x17-1|(0.91842490,0.76918286)(0.18461444,0.39787069)|0.00000005|
14x18-1|(0.97741681,0.76732957)(0.17094956,0.49817879)|0.00000003|
15x0-1|(0.04043537,0.81956851)(0.20899256,0.56560473)|0.00000042|
15x1-1|(0.07920311,0.81154597)(0.25566911,0.42814511)|0.00001174|
15x2-1|(0.12149338,0.81537479)(0.22973477,0.42417650)|0.00000078|
15x3-1|(0.18292445,0.81557792)(0.25477331,0.45691977)|0.00000012|
15x4-1|(0.23378229,0.81666702)(0.25261146,0.43536013)|0.00000003|
15x5-1|(0.29624707,0.81325722)(0.25930550,0.36683931)|0.00000002|
15x6-1|(0.35250202,0.81490701)(0.27210483,0.32638333)|0.00000006|
15x7-1|(0.39279240,0.81450129)(0.24990585,0.34715614)|0.00000015|
15x8-1|(0.44018480,0.81660730)(0.24887095,0.33093824)|0.00000001|
15x9-1|(0.50537485,0.81945151)(0.27747941,0.31031058)|0.00000001|
15x10-1|(0.55323279,0.82044625)(0.29511808,0.29207742)|0.00000001|
15x11-1|(0.61350310,0.81997049)(0.30537795,0.27611788)|0.00000000|
15x12-1|(0.65999174,0.82533097)(0.31805538,0.26133592)|0.00000001|
15x13-1|(0.72174054,0.82106775)(0.35218815,0.28329649)|0.00000002|
15x14-1|(0.75622702,0.81427580)(0.30659358,0.30676088)|0.00000002|
15x15-1|(0.81676263,0.81538439)(0.24629443,0.36088269)|0.00000001|
15x16-1|(0.86908048,0.81694812)(0.30838840,0.32504727)|0.00000001|
15x17-1|(0.91898495,0.82477087)(0.19600495,0.30491312)|0.00000020|
15x18-1|(0.97221738,0.80456346)(0.21265916,0.35443660)|0.00000001|
16x0-1|(0.04173126,0.85962313)(0.21453101,0.38510411)|0.00000017|
16x1-1|(0.07447010,0.86644685)(0.26946057,0.24106584)|0.00000053|
16x2-1|(0.11796394,0.86595231)(0.24666858,0.31243377)|0.00000034|
16x3-1|(0.17729531,0.86808866)(0.22285195,0.41563343)|0.00000003|
16x4-1|(0.23288205,0.87097961)(0.20407206,0.42409248)|0.00000000|
16x5-1|(0.29296783,0.86871225)(0.25670697,0.38794844)|0.00000000|
16x6-1|(0.34326479,0.86321950)(0.22573595,0.31617270)|0.00000000|
16x7-1|(0.39062002,0.86425281)(0.23495685,0.33734786)|0.00000002|
16x8-1|(0.44783461,0.86638159)(0.23820586,0.29559466)|0.00000000|
16x9-1|(0.50456053,0.86922026)(0.24512605,0.28721830)|0.00000002|
16x10-1|(0.55429411,0.87152922)(0.24567374,0.27070941)|0.00000006|
16x11-1|(0.61063588,0.87191087)(0.28460335,0.24805369)|0.00000004|
16x12-1|(0.65550965,0.86860067)(0.27270031,0.26127546)|0.00000009|
16x13-1|(0.71147472,0.87390679)(0.34128093,0.28958201)|0.00000013|
16x14-1|(0.75347430,0.86669970)(0.29317688,0.31212710)|0.00000001|
16x15-1|(0.82159644,0.87534946)(0.27110605,0.36333133)|0.00000003|
16x16-1|(0.86462253,0.87139434)(0.34519869,0.35257767)|0.00000002|
16x17-1|(0.93130785,0.87092179)(0.33117230,0.26136457)|0.00000035|
16x18-1|(0.96414137,0.85620642)(0.27898138,0.30509374)|0.00000019|
17x0-1|(0.05054515,0.91048872)(0.15785047,0.33677161)|0.00000002|
17x1-1|(0.07292161,0.91923523)(0.38069346,0.13533434)|0.00000004|
17x2-1|(0.11170428,0.91393042)(0.32617279,0.22809969)|0.00000002|
17x3-1|(0.16710921,0.92236388)(0.23106730,0.40959558)|0.00000000|
17x4-1|(0.24050665,0.91555536)(0.19351131,0.40652738)|0.00000000|
17x5-1|(0.29468256,0.92564011)(0.21466913,0.42068001)|0.00000000|
17x6-1|(0.33005923,0.92300528)(0.23281368,0.37793041)|0.00000000|
17x7-1|(0.39026618,0.92425078)(0.22054343,0.36704141)|0.00000000|
17x8-1|(0.44915143,0.92274576)(0.22877227,0.33051995)|0.00000000|
17x9-1|(0.50133896,0.92450553)(0.25296162,0.31062879)|0.00000001|
17x10-1|(0.55371356,0.92393905)(0.27196014,0.28867385)|0.00000003|
17x11-1|(0.60830986,0.92074656)(0.29775797,0.24996455)|0.00000003|
17x12-1|(0.65500611,0.91786194)(0.31936119,0.22490583)|0.00000001|
17x13-1|(0.70897514,0.91268378)(0.32872112,0.25308242)|0.00000001|
17x14-1|(0.75581968,0.91548145)(0.36681202,0.26115062)|0.00000000|
17x15-1|(0.82511908,0.90695000)(0.25663554,0.29662868)|0.00000003|
17x16-1|(0.85395414,0.90175366)(0.27813311,0.33661724)|0.00000001|
17x17-1|(0.91808158,0.91152912)(0.33166006,0.19312205)|0.00000001|
17x18-1|(0.96948671,0.89842999)(0.53670767,0.15036252)|0.00000000|
18x0-1|(0.03418582,0.96229434)(0.38772962,0.51202329)|0.00000007|
18x1-1|(0.07780711,0.97119069)(0.41670476,0.32418393)|0.00000067|
18x2-1|(0.11970338,0.96184337)(0.29949741,0.31551069)|0.00000005|
18x3-1|(0.17832839,0.97073603)(0.21152956,0.53744025)|0.00000004|
18x4-1|(0.24808156,0.97612220)(0.20824780,0.59025088)|0.00000000|
18x5-1|(0.29840690,0.97525257)(0.23700382,0.56076136)|0.00000000|
18x6-1|(0.34310940,0.96482897)(0.18587321,0.47818942)|0.00000001|
18x7-1|(0.39825091,0.97275734)(0.21222002,0.51565651)|0.00000007|
18x8-1|(0.45531449,0.97013253)(0.22240715,0.49081503)|0.00000004|
18x9-1|(0.50852525,0.97175056)(0.22524606,0.46722385)|0.00000017|
18x10-1|(0.55931348,0.97137111)(0.21770855,0.48868118)|0.00000050|
18x11-1|(0.60945964,0.97204089)(0.22527043,0.48805144)|0.00000138|
18x12-1|(0.66210204,0.96693879)(0.20052601,0.54009068)|0.00000020|
18x13-1|(0.70820916,0.97498852)(0.20671087,0.54004574)|0.00000010|
18x14-1|(0.75925273,0.97618425)(0.22034639,0.58782311)|0.00000014|
18x15-1|(0.82191241,0.97602391)(0.25193589,0.40762606)|0.00000002|
18x16-1|(0.85358810,0.97411007)(0.27196427,0.34935635)|0.00000004|
18x17-1|(0.94170088,0.96508199)(0.68185291,0.33324156)|0.00000000|
18x18-1|(0.96357930,0.97926039)(0.50704067,0.63942414)|0.00000180|
0x0-2|(0.04191114,0.01285032)(0.73046901,0.44024295)|0.00000000|
0x1-2|(0.08415743,0.03406904)(0.31412906,0.55969576)|0.00000005|
0x2-2|(0.12721953,0.04266838)(0.47642431,0.32538493)|0.00000000|
0x3-2|(0.17205866,0.03022701)(0.41902265,0.52091373)|0.00000000|
0x4-2|(0.22110052,0.01504897)(0.50434434,0.52833308)|0.00000000|
0x5-2|(0.29711530,0.01866809)(0.42646367,0.56519163)|0.00000000|
0x6-2|(0.32054400,0.00748605)(0.49694134,0.43383851)|0.00000000|
0x7-2|(0.40022740,0.02221688)(0.57348124,0.63551191)|0.00000000|
0x8-2|(0.44233617,0.02237514)(0.69972023,0.57547128)|0.00000000|
0x9-2|(0.49097282,0.03311916)(0.75564248,0.63648583)|0.00000004|
0x10-2|(0.53966349,0.03027749)(0.67255585,0.65781736)|0.00000001|
0x11-2|(0.60658145,0.02851562)(0.57178075,0.62174414)|0.00000001|
0x12-2|(0.63285637,0.01354214)(0.56044816,0.53758035)|0.00000000|
0x13-2|(0.71178877,0.02717246)(0.44776681,0.62175508)|0.00000000|
0x14-2|(0.74677277,0.02105668)(0.44610411,0.66832188)|0.00000000|
0x15-2|(0.82208014,0.03451277)(0.42643874,0.52307499)|0.00000000|
0x16-2|(0.86439836,0.04056172)(0.53228803,0.71133374)|0.00000000|
0x17-2|(0.91772330,0.05059566)(0.36722156,0.29742245)|0.00000000|
0x18-2|(0.95118129,0.00616832)(0.49134785,0.40583426)|0.00000000|
1x0-2|(0.03206544,0.07374962)(0.81345076,0.26653718)|0.00000000|
1x1-2|(0.07524162,0.09054055)(0.49923459,0.25797775)|0.00000000|
1x2-2|(0.14552310,0.07736802)(0.36593744,0.22346800)|0.00000000|
1x3-2|(0.17939763,0.07848551)(0.42894903,0.28599544)|0.00000000|
1x4-2|(0.22645302,0.06477519)(0.53598577,0.29571027)|0.00000000|
1x5-2|(0.30187920,0.07289775)(0.46851321,0.35446063)|0.00000000|
1x6-2|(0.31615964,0.05396803)(0.51378309,0.23409619)|0.00000000|
1x7-2|(0.39846557,0.07652520)(0.78912417,0.37305098)|0.00000000|
1x8-2|(0.43408981,0.05772042)(0.89272187,0.33893506)|0.00000000|
1x9-2|(0.47878462,0.06122508)(0.91922020,0.44143503)|0.00000005|
1x10-2|(0.52817899,0.06055060)(0.80081899,0.47308109)|0.00000000|
1x11-2|(0.59172475,0.07702476)(0.70390044,0.44665892)|0.00000001|
1x12-2|(0.63192827,0.05409962)(0.62567912,0.42152564)|0.00000000|
1x13-2|(0.70657927,0.07866498)(0.42032280,0.49369477)|0.00000000|
1x14-2|(0.74258894,0.05778045)(0.44157249,0.52750647)|0.00000000|
1x15-2|(0.81661230,0.08072851)(0.38541104,0.44802410)|0.00000000|
1x16-2|(0.86689115,0.06493077)(0.48885940,0.49957208)|0.00000000|
1x17-2|(0.93831080,0.07463464)(0.32804847,0.21667571)|0.00000000|
1x18-2|(0.96497375,0.05789097)(0.60172855,0.35848265)|0.00000000|
2x0-2|(0.03354060,0.12150027)(0.66905517,0.44548675)|0.00000001|
2x1-2|(0.09411595,0.12983358)(0.37677764,0.43002138)|0.00000000|
2x2-2|(0.14326447,0.11410140)(0.42497214,0.36441218)|0.00000000|
2x3-2|(0.17423379,0.13152047)(0.49382550,0.49914626)|0.00000000|
2x4-2|(0.22244292,0.11544295)(0.50121103,0.60060305)|0.00000000|
2x5-2|(0.30140486,0.12232734)(0.32841350,0.55227794)|0.00000000|
2x6-2|(0.31707343,0.10726650)(0.44470473,0.26293053)|0.00000000|
2x7-2|(0.39216876,0.13148785)(0.65785459,0.36415228)|0.00000000|
2x8-2|(0.44355494,0.12813301)(0.80316705,0.26380207)|0.00000000|
2x9-2|(0.48501411,0.13287677)(0.92378210,0.37305941)|0.00000002|
2x10-2|(0.52899766,0.13708524)(0.81520535,0.34282602)|0.00000000|
2x11-2|(0.59016454,0.13402243)(0.64134930,0.38548768)|0.00000000|
2x12-2|(0.63221353,0.11464566)(0.57365601,0.30911210)|0.00000000|
2x13-2|(0.70649344,0.13341124)(0.40221572,0.53511126)|0.00000001|
2x14-2|(0.73868656,0.12204590)(0.44915427,0.49510288)|0.00000000|
2x15-2|(0.81850410,0.13852091)(0.39253147,0.62754791)|0.00000000|
2x16-2|(0.85092688,0.13455230)(0.51119150,0.42120341)|0.00000000|
2x17-2|(0.92749476,0.13487531)(0.31525165,0.48586964)|0.00000000|
2x18-2|(0.96058673,0.12299042)(0.39321932,0.37035531)|0.00000000|
3x0-2|(0.01728625,0.16627450)(0.64341222,0.42080511)|0.00000000|
3x1-2|(0.09003498,0.17335780)(0.40494739,0.46722569)|0.00000000|
3x2-2|(0.14243492,0.16917107)(0.42378796,0.32213674)|0.00000000|
3x3-2|(0.17939779,0.18916607)(0.63228793,0.41255355)|0.00000000|
3x4-2|(0.22883601,0.16976658)(0.53802502,0.53391472)|0.00000000|
3x5-2|(0.29917267,0.18195601)(0.41604816,0.50597554)|0.00000000|
3x6-2|(0.31922203,0.16109557)(0.52855340,0.27655614)|0.00000000|
3x7-2|(0.39840296,0.18247227)(0.79161788,0.36043657)|0.00000000|
3x8-2|(0.45018628,0.17208004)(0.93471659,0.34036092)|0.00000000|
3x9-2|(0.48941031,0.17576259)(0.97240780,0.43313157)|0.00000005|
3x10-2|(0.53211766,0.17698118)(0.89187453,0.43168261)|0.00000001|
3x11-2|(0.59219420,0.17948903)(0.70962959,0.46154906)|0.00000002|
3x12-2|(0.63768888,0.16653922)(0.62506445,0.43942854)|0.00000000|
3x13-2|(0.70847958,0.18171158)(0.49617786,0.58772311)|0.00000003|
3x14-2|(0.74447548,0.16722792)(0.49478552,0.54210796)|0.00000001|
3x15-2|(0.81263161,0.17846051)(0.40144457,0.62622592)|0.00000002|
3x16-2|(0.85501510,0.17004390)(0.43576521,0.69135469)|0.00000000|
3x17-2|(0.92475128,0.17264049)(0.31720877,0.62819673)|0.00000002|
3x18-2|(0.96554643,0.17854758)(0.56312405,0.61137695)|0.00000000|
4x0-2|(0.01161531,0.22078995)(0.59872381,0.48348150)|0.00000000|
4x1-2|(0.08740912,0.23263188)(0.41323765,0.65241950)|0.00000000|
4x2-2|(0.13687037,0.21786392)(0.44178971,0.34805111)|0.00000000|
4x3-2|(0.17685467,0.23181394)(0.65252216,0.48193213)|0.00000000|
4x4-2|(0.22547308,0.22179222)(0.53987927,0.63738221)|0.00000000|
4x5-2|(0.29964712,0.23349446)(0.47271078,0.50997163)|0.00000000|
4x6-2|(0.32732052,0.22088216)(0.50919933,0.34784497)|0.00000000|
4x7-2|(0.39649114,0.23772950)(0.70798148,0.35392085)|0.00000000|
4x8-2|(0.45193863,0.23809320)(0.88585903,0.28177758)|0.00000000|
4x9-2|(0.48968008,0.23915577)(1.00484553,0.32393323)|0.00000007|
4x10-2|(0.53514665,0.23786414)(0.90955652,0.33888552)|0.00000002|
4x11-2|(0.59366226,0.23901109)(0.76139164,0.38036218)|0.00000001|
4x12-2|(0.65026855,0.23044503)(0.60797884,0.36443343)|0.00000001|
4x13-2|(0.71049863,0.23724611)(0.54606790,0.46151305)|0.00000001|
4x14-2|(0.75141567,0.22969711)(0.52985730,0.44169636)|0.00000000|
4x15-2|(0.81904793,0.23625773)(0.50450672,0.55201491)|0.00000000|
4x16-2|(0.86264741,0.23459387)(0.48395078,0.63804342)|0.00000000|
4x17-2|(0.92966473,0.23971140)(0.39269799,0.55076414)|0.00000000|
4x18-2|(0.96576321,0.23728561)(0.57408753,0.52207825)|0.00000000|
5x0-2|(0.01186109,0.28641737)(0.53312711,0.40578280)|0.00000000|
5x1-2|(0.08268347,0.29024139)(0.45340102,0.56507378)|0.00000000|
5x2-2|(0.13394514,0.28949130)(0.48081074,0.33848653)|0.00000000|
5x3-2|(0.17792322,0.29075822)(0.55134044,0.42636186)|0.00000000|
5x4-2|(0.23798263,0.28350934)(0.51046043,0.51659357)|0.00000000|
5x5-2|(0.29634556,0.29361981)(0.55428627,0.43569297)|0.00000000|
5x6-2|(0.33443317,0.28794429)(0.55511685,0.35036373)|0.00000001|
5x7-2|(0.39647907,0.29638281)(0.67120884,0.32715692)|0.00000001|
5x8-2|(0.45084953,0.29846111)(0.82313841,0.29895644)|0.00000003|
5x9-2|(0.49127939,0.29685131)(0.89910407,0.31191626)|0.00000191|
5x10-2|(0.54377836,0.29780003)(0.83547934,0.29072311)|0.00000116|
5x11-2|(0.59688365,0.29810712)(0.71925161,0.30083527)|0.00000050|
5x12-2|(0.65629023,0.30036548)(0.65782320,0.30607614)|0.00000016|
5x13-2|(0.71212614,0.30058956)(0.57566091,0.34086193)|0.00000004|
5x14-2|(0.76509756,0.29933491)(0.53471727,0.33237697)|0.00000002|
5x15-2|(0.81842881,0.29944062)(0.52239082,0.36796828)|0.00000004|
5x16-2|(0.86482799,0.29821473)(0.44264377,0.40839316)|0.00000002|
5x17-2|(0.92404658,0.29622686)(0.42776605,0.43519677)|0.00000002|
5x18-2|(0.96794820,0.29508933)(0.54023858,0.50546397)|0.00000005|
6x0-2|(0.02094498,0.34332472)(0.50194804,0.48931216)|0.00000000|
6x1-2|(0.08295748,0.34531683)(0.41076563,0.54134910)|0.00000000|
6x2-2|(0.13490210,0.34538558)(0.44294826,0.35930905)|0.00000000|
6x3-2|(0.18798484,0.35156864)(0.46969732,0.35620670)|0.00000000|
6x4-2|(0.24226320,0.35026267)(0.48823317,0.34731600)|0.00000000|
6x5-2|(0.29832885,0.34995762)(0.53815742,0.31896460)|0.00000004|
6x6-2|(0.34034958,0.34895661)(0.57869630,0.30785933)|0.00000003|
6x7-2|(0.39967713,0.34970522)(0.62127861,0.28698830)|0.00000014|
6x8-2|(0.45208901,0.34970650)(0.74005501,0.29092580)|0.00000076|
6x9-2|(0.49766958,0.35270804)(0.81335239,0.32348715)|0.00000828|
6x10-2|(0.55164868,0.35182390)(0.74700684,0.32600637)|0.00000965|
6x11-2|(0.60397577,0.35157573)(0.65394909,0.35310936)|0.00000496|
6x12-2|(0.66125566,0.35271499)(0.63766806,0.36840212)|0.00000290|
6x13-2|(0.71370244,0.35209799)(0.57086075,0.39791601)|0.00000233|
6x14-2|(0.76490259,0.35309926)(0.53770577,0.36026976)|0.00000361|
6x15-2|(0.81586599,0.35439333)(0.51582459,0.38035480)|0.00000281|
6x16-2|(0.86506957,0.35059190)(0.45750413,0.45947554)|0.00000115|
6x17-2|(0.92462540,0.34984648)(0.43232007,0.50346758)|0.00000046|
6x18-2|(0.96832496,0.34492525)(0.52147691,0.51378517)|0.00000119|
7x0-2|(0.02223912,0.39901793)(0.50435967,0.55369448)|0.00000000|
7x1-2|(0.08341124,0.39888999)(0.41437638,0.54408083)|0.00000000|
7x2-2|(0.14679016,0.40180817)(0.41767601,0.43451653)|0.00000000|
7x3-2|(0.19249384,0.40511572)(0.47736225,0.35586528)|0.00000005|
7x4-2|(0.24439111,0.40294304)(0.53594631,0.33301986)|0.00000003|
7x5-2|(0.29739082,0.40144405)(0.57872902,0.32461218)|0.00000034|
7x6-2|(0.34318733,0.40387109)(0.62531966,0.31134929)|0.00000030|
7x7-2|(0.40308166,0.40542579)(0.65604636,0.29309144)|0.00000062|
7x8-2|(0.45339036,0.40425649)(0.70456901,0.30183550)|0.00001727|
7x9-2|(0.49537969,0.39825609)(0.72310226,0.31436625)|0.00009585|
7x10-2|(0.55672693,0.39475030)(0.64563866,0.30206027)|0.00001409|
7x11-2|(0.60791636,0.39644852)(0.59940784,0.35374610)|0.00002743|
7x12-2|(0.66767901,0.39866126)(0.57284411,0.34535148)|0.00002599|
7x13-2|(0.71338165,0.40425673)(0.54011647,0.37027149)|0.00001018|
7x14-2|(0.75957566,0.40554145)(0.50775685,0.35117698)|0.00002300|
7x15-2|(0.81615883,0.40348324)(0.47204142,0.40071694)|0.00001932|
7x16-2|(0.86471570,0.40384865)(0.41227312,0.51599472)|0.00001569|
7x17-2|(0.91878188,0.40277082)(0.42083056,0.52795021)|0.00000180|
7x18-2|(0.97218496,0.39630696)(0.50195903,0.51952981)|0.00000262|
8x0-2|(0.01984148,0.44810084)(0.48450720,0.59299483)|0.00000000|
8x1-2|(0.08519331,0.44879398)(0.39091787,0.55137801)|0.00000000|
8x2-2|(0.14731623,0.44944733)(0.39711322,0.44888663)|0.00000001|
8x3-2|(0.19173011,0.45162657)(0.48399930,0.35566257)|0.00000016|
8x4-2|(0.24678941,0.45525411)(0.55994083,0.34487664)|0.00000019|
8x5-2|(0.29654303,0.45833755)(0.57216527,0.34511442)|0.00000564|
8x6-2|(0.34828100,0.46597496)(0.59686127,0.30112208)|0.00001213|
8x7-2|(0.39923167,0.46360040)(0.66759628,0.27599691)|0.00005385|
8x8-2|(0.45123160,0.46258640)(0.69982099,0.26557567)|0.00019483|
8x9-2|(0.49678251,0.45428342)(0.74861762,0.27946807)|0.00035208|
8x10-2|(0.55159521,0.45093030)(0.63555488,0.28128926)|0.00004964|
8x11-2|(0.60480666,0.44685245)(0.67083396,0.35273168)|0.00004051|
8x12-2|(0.66768062,0.44563770)(0.59664947,0.36741771)|0.00009661|
8x13-2|(0.71427101,0.45074281)(0.56361971,0.41474789)|0.00014796|
8x14-2|(0.75930673,0.45217398)(0.54428421,0.45738864)|0.00019686|
8x15-2|(0.81128752,0.45529702)(0.46839862,0.50217286)|0.00004663|
8x16-2|(0.86168140,0.45604074)(0.39798361,0.54394134)|0.00001277|
8x17-2|(0.91734964,0.45694044)(0.38822935,0.55851347)|0.00000256|
8x18-2|(0.97424656,0.45065331)(0.48302397,0.53101100)|0.00000233|
9x0-2|(0.01781189,0.49592313)(0.48010441,0.60503523)|0.00000000|
9x1-2|(0.08353937,0.50145942)(0.38578213,0.54936017)|0.00000001|
9x2-2|(0.14307006,0.50098246)(0.42102869,0.44760460)|0.00000002|
9x3-2|(0.19136520,0.49901256)(0.54108858,0.34031868)|0.00000021|
9x4-2|(0.24828129,0.49910024)(0.62112616,0.32011985)|0.00000166|
9x5-2|(0.29897425,0.49610749)(0.64010170,0.26025969)|0.00001975|
9x6-2|(0.34903184,0.50098622)(0.67014829,0.24804652)|0.00072083|
9x7-2|(0.40093669,0.50490236)(0.71116877,0.26434452)|0.00439555|
9x8-2|(0.45156318,0.50234795)(0.72376461,0.24287747)|0.00373418|
9x9-2|(0.48946455,0.49844566)(0.74171178,0.26028741)|0.00202452|
9x10-2|(0.54536462,0.49845400)(0.67257264,0.26331212)|0.00019269|
9x11-2|(0.60276854,0.50002694)(0.68988894,0.29856967)|0.00006042|
9x12-2|(0.66252780,0.50380689)(0.62747087,0.36744813)|0.00017745|
9x13-2|(0.71542192,0.50125432)(0.54699422,0.39293317)|0.00002593|
9x14-2|(0.76229078,0.49954656)(0.49307147,0.54854685)|0.00048348|
9x15-2|(0.81159449,0.50205660)(0.41106966,0.55476955)|0.00005751|
9x16-2|(0.86417693,0.50113493)(0.36802529,0.60819540)|0.00005260|
9x17-2|(0.91559792,0.50222158)(0.38314487,0.59890919)|0.00001118|
9x18-2|(0.97590023,0.49868241)(0.46543061,0.54270016)|0.00000300|
10x0-2|(0.02064355,0.54854059)(0.49383806,0.56798392)|0.00000000|
10x1-2|(0.08104659,0.55225623)(0.38491002,0.51272917)|0.00000001|
10x2-2|(0.13716234,0.54964226)(0.42358467,0.44599833)|0.00000001|
10x3-2|(0.18928710,0.54754198)(0.54794154,0.36327704)|0.00000010|
10x4-2|(0.25057104,0.54558849)(0.58049546,0.32081707)|0.00000137|
10x5-2|(0.30445883,0.54755265)(0.58876543,0.24927459)|0.00004437|
10x6-2|(0.35164174,0.54802078)(0.60817131,0.26980859)|0.00071647|
10x7-2|(0.40045065,0.54739809)(0.66976478,0.27498796)|0.00260039|
10x8-2|(0.44875616,0.54544431)(0.72433150,0.26532549)|0.00073211|
10x9-2|(0.48925611,0.54468954)(0.74035957,0.27850006)|0.00026747|
10x10-2|(0.54823220,0.54752237)(0.71602195,0.24869304)|0.00008292|
10x11-2|(0.59950930,0.54641789)(0.71893270,0.28888124)|0.00003260|
10x12-2|(0.65914446,0.55114096)(0.66152137,0.33724744)|0.00003897|
10x13-2|(0.71184617,0.54731005)(0.55441620,0.38285042)|0.00001170|
10x14-2|(0.76117247,0.54651731)(0.48691287,0.51184743)|0.00001269|
10x15-2|(0.81078321,0.54622424)(0.45439374,0.43583723)|0.00000506|
10x16-2|(0.86115044,0.54428762)(0.38783340,0.49370682)|0.00000456|
10x17-2|(0.91955930,0.55163407)(0.41235705,0.51530643)|0.00000196|
10x18-2|(0.97967809,0.55022669)(0.48235880,0.53762282)|0.00000053|
11x0-2|(0.02264401,0.60162896)(0.53334952,0.50523046)|0.00000003|
11x1-2|(0.08184846,0.60721976)(0.41236467,0.49166148)|0.00000009|
11x2-2|(0.13831286,0.60364151)(0.44226050,0.48030668)|0.00000005|
11x3-2|(0.19032472,0.60260761)(0.50524180,0.41067040)|0.00000014|
11x4-2|(0.25219074,0.59920615)(0.51147497,0.37122814)|0.00000045|
11x5-2|(0.30446342,0.59815598)(0.56148357,0.34760749)|0.00002356|
11x6-2|(0.35051033,0.59463519)(0.62770766,0.35869017)|0.00044177|
11x7-2|(0.40152732,0.59239608)(0.68681347,0.32979028)|0.00054211|
11x8-2|(0.44759008,0.59273213)(0.71226256,0.29799658)|0.00006649|
11x9-2|(0.49159965,0.59382957)(0.76360611,0.29574187)|0.00004527|
11x10-2|(0.54582781,0.59656656)(0.78422664,0.28257657)|0.00004857|
11x11-2|(0.60425591,0.59718281)(0.77732847,0.29905414)|0.00001427|
11x12-2|(0.65297860,0.60009438)(0.71532964,0.31650721)|0.00001247|
11x13-2|(0.70579320,0.59607965)(0.62892877,0.35959153)|0.00000141|
11x14-2|(0.76187181,0.59719986)(0.48313061,0.41666250)|0.00000101|
11x15-2|(0.81677318,0.59500200)(0.44015516,0.40849535)|0.00000062|
11x16-2|(0.86509955,0.59870589)(0.41189379,0.43097996)|0.00000036|
11x17-2|(0.92253894,0.59831637)(0.43307608,0.43646447)|0.00000023|
11x18-2|(0.98002553,0.60294002)(0.51910977,0.50018382)|0.00000021|
12x0-2|(0.02717593,0.64941186)(0.55546933,0.44478121)|0.00000002|
12x1-2|(0.08293926,0.64840442)(0.42409626,0.39448819)|0.00000004|
12x2-2|(0.13886303,0.64927763)(0.45953893,0.38077905)|0.00000003|
12x3-2|(0.18906897,0.65088326)(0.52533259,0.31557198)|0.00000005|
12x4-2|(0.25126657,0.64695632)(0.54488221,0.31998068)|0.00000004|
12x5-2|(0.29905412,0.64426106)(0.56596607,0.30111678)|0.00000058|
12x6-2|(0.34466875,0.64389533)(0.62330151,0.30328202)|0.00000106|
12x7-2|(0.40018559,0.64746523)(0.70610736,0.26695786)|0.00000716|
12x8-2|(0.44644541,0.65456331)(0.77085115,0.26817685)|0.00000163|
12x9-2|(0.49525538,0.65751153)(0.82260307,0.22541222)|0.00000271|
12x10-2|(0.54740095,0.65886992)(0.84831605,0.23275692)|0.00001982|
12x11-2|(0.60021806,0.65826046)(0.83264475,0.24124008)|0.00000282|
12x12-2|(0.65339434,0.65323889)(0.73420644,0.25080278)|0.00000281|
12x13-2|(0.70518762,0.65022278)(0.67628804,0.29475739)|0.00000028|
12x14-2|(0.75917506,0.64639872)(0.55746256,0.36957957)|0.00000018|
12x15-2|(0.81723958,0.64860296)(0.49378132,0.37081401)|0.00000011|
12x16-2|(0.86518657,0.64947462)(0.47947691,0.39733818)|0.00000008|
12x17-2|(0.92736006,0.64921427)(0.45291877,0.46082200)|0.00000013|
12x18-2|(0.97822380,0.65295422)(0.50691905,0.49450293)|0.00000031|
13x0-2|(0.03207209,0.70417053)(0.51670682,0.47609205)|0.00000002|
13x1-2|(0.08318110,0.70458150)(0.45096403,0.37161245)|0.00000003|
13x2-2|(0.13920927,0.70120436)(0.50529951,0.33560613)|0.00000006|
13x3-2|(0.18733394,0.69966269)(0.55109350,0.26380394)|0.00000005|
13x4-2|(0.24488574,0.69837070)(0.59170425,0.24784758)|0.00000002|
13x5-2|(0.29295307,0.69761443)(0.61956378,0.24145285)|0.00000004|
13x6-2|(0.34641019,0.69888777)(0.65329773,0.22545284)|0.00000011|
13x7-2|(0.40027103,0.70593911)(0.65642845,0.23048473)|0.00000372|
13x8-2|(0.45244101,0.70449877)(0.78381164,0.21176305)|0.00000436|
13x9-2|(0.50020230,0.70211887)(0.90187786,0.18849582)|0.00001839|
13x10-2|(0.54320753,0.70226705)(0.90064258,0.20426897)|0.00002865|
13x11-2|(0.59932297,0.70199466)(0.83987918,0.19270879)|0.00000339|
13x12-2|(0.65267158,0.70139682)(0.76244606,0.18994875)|0.00000113|
13x13-2|(0.70731533,0.70324200)(0.66438644,0.22978320)|0.00000013|
13x14-2|(0.75514269,0.70376074)(0.58918789,0.29613298)|0.00000004|
13x15-2|(0.81515038,0.69948912)(0.51653321,0.34023468)|0.00000002|
13x16-2|(0.86084086,0.69634163)(0.51220881,0.36756235)|0.00000000|
13x17-2|(0.92492217,0.69553298)(0.46390836,0.41063985)|0.00000001|
13x18-2|(0.97906351,0.70123655)(0.57121778,0.49982887)|0.00000001|
14x0-2|(0.03846020,0.76804596)(0.49561486,0.61994589)|0.00000002|
14x1-2|(0.07960427,0.76597810)(0.43695934,0.58762230)|0.00000016|
14x2-2|(0.13992421,0.76021546)(0.47047201,0.51036400)|0.00000005|
14x3-2|(0.18904881,0.75871307)(0.51589815,0.44374204)|0.00000001|
14x4-2|(0.24364157,0.75810254)(0.58068654,0.40680072)|0.00000002|
14x5-2|(0.29226789,0.75815916)(0.60663329,0.36592920)|0.00000001|
14x6-2|(0.34596765,0.75885826)(0.63442989,0.35633399)|0.00000001|
14x7-2|(0.39953417,0.75334984)(0.68826642,0.35369731)|0.00000007|
14x8-2|(0.45093903,0.75548112)(0.85611623,0.35987524)|0.00000011|
14x9-2|(0.49948803,0.75965983)(0.89713628,0.35320378)|0.00000131|
14x10-2|(0.53905505,0.75702018)(0.90060517,0.33219772)|0.00000153|
14x11-2|(0.59586328,0.75669938)(0.85857223,0.27832311)|0.00000006|
14x12-2|(0.64473528,0.75376433)(0.78741498,0.24241706)|0.00000001|
14x13-2|(0.70998609,0.75746804)(0.64767794,0.28406724)|0.00000000|
14x14-2|(0.75093335,0.75889111)(0.56916850,0.35540851)|0.00000000|
14x15-2|(0.81495839,0.76398957)(0.46023255,0.42894767)|0.00000000|
14x16-2|(0.85895097,0.76075846)(0.50785718,0.50126475)|0.00000000|
14x17-2|(0.92249930,0.76432431)(0.40990449,0.56837924)|0.00000000|
14x18-2|(0.97895902,0.76497906)(0.54868727,0.54933099)|0.00000000|
15x0-2|(0.02814003,0.81541473)(0.54122556,0.57226817)|0.00000051|
15x1-2|(0.07513627,0.80482960)(0.44754377,0.66074400)|0.00000037|
15x2-2|(0.13960536,0.80632007)(0.40239283,0.60114129)|0.00000023|
15x3-2|(0.18390113,0.81198001)(0.48177512,0.62900931)|0.00000002|
15x4-2|(0.23780030,0.80892891)(0.55462005,0.67252620)|0.00000002|
15x5-2|(0.29194170,0.81217849)(0.57760274,0.54950385)|0.00000001|
15x6-2|(0.34158981,0.81585276)(0.62480770,0.55673571)|0.00000001|
15x7-2|(0.39548427,0.81630516)(0.67878360,0.54820570)|0.00000001|
15x8-2|(0.45271185,0.82188052)(0.86162455,0.57437327)|0.00000003|
15x9-2|(0.49745759,0.82155114)(1.01337429,0.61471131)|0.00000090|
15x10-2|(0.53680372,0.81967962)(0.99319407,0.55313406)|0.00000087|
15x11-2|(0.59594637,0.81921262)(0.84518387,0.41437051)|0.00000010|
15x12-2|(0.63984489,0.81868124)(0.81356645,0.33552267)|0.00000000|
15x13-2|(0.71594626,0.81727690)(0.59865265,0.38424961)|0.00000002|
15x14-2|(0.74669838,0.81287813)(0.51349387,0.41434706)|0.00000000|
15x15-2|(0.81404191,0.81434917)(0.39328341,0.55547256)|0.00000000|
15x16-2|(0.85642672,0.80788660)(0.48215400,0.47652968)|0.00000000|
15x17-2|(0.92346454,0.80923170)(0.32821148,0.58456674)|0.00000000|
15x18-2|(0.97810251,0.80987227)(0.50546208,0.43539487)|0.00000001|
16x0-2|(0.04058479,0.85540503)(0.53651669,0.38824833)|0.00000002|
16x1-2|(0.06983377,0.87993008)(0.43178352,0.48561446)|0.00000001|
16x2-2|(0.14623655,0.87190145)(0.37540967,0.44926035)|0.00000000|
16x3-2|(0.18228312,0.87738991)(0.46654567,0.53512111)|0.00000001|
16x4-2|(0.23303014,0.87312740)(0.60496699,0.59851204)|0.00000000|
16x5-2|(0.30087337,0.86728209)(0.55755080,0.55773775)|0.00000000|
16x6-2|(0.32852989,0.86331385)(0.62379127,0.46306377)|0.00000000|
16x7-2|(0.40128535,0.86472654)(0.77447518,0.55225087)|0.00000001|
16x8-2|(0.45621425,0.86511374)(0.91811805,0.55421614)|0.00000002|
16x9-2|(0.50270790,0.86838573)(1.00329292,0.56978440)|0.00000156|
16x10-2|(0.54057717,0.86799490)(0.94443348,0.53065955)|0.00000027|
16x11-2|(0.60432643,0.86654681)(0.85067214,0.43650034)|0.00000017|
16x12-2|(0.63523686,0.86079377)(0.71249770,0.40365132)|0.00000001|
16x13-2|(0.71803373,0.87129354)(0.51585916,0.42853738)|0.00000008|
16x14-2|(0.74261838,0.85700887)(0.44406900,0.54626044)|0.00000000|
16x15-2|(0.82451868,0.87666970)(0.37751851,0.54716848)|0.00000000|
16x16-2|(0.85846668,0.85864609)(0.46914770,0.49554910)|0.00000000|
16x17-2|(0.90997899,0.88122350)(0.34342690,0.43003387)|0.00000000|
16x18-2|(0.96019566,0.85950458)(0.51985643,0.38837747)|0.00000000|
17x0-2|(0.02730243,0.92144734)(0.63910793,0.29015901)|0.00000000|
17x1-2|(0.07119288,0.93693465)(0.37339010,0.43316180)|0.00000000|
17x2-2|(0.13494900,0.91747022)(0.40554398,0.38921302)|0.00000000|
17x3-2|(0.18816857,0.92825186)(0.44248096,0.48809811)|0.00000000|
17x4-2|(0.22615659,0.91036958)(0.62329570,0.60407330)|0.00000000|
17x5-2|(0.30609608,0.91656113)(0.49898844,0.68131605)|0.00000000|
17x6-2|(0.31876600,0.90253305)(0.55848614,0.48427093)|0.00000000|
17x7-2|(0.39956021,0.91848063)(0.63390321,0.56849914)|0.00000002|
17x8-2|(0.45440462,0.91529012)(0.79100100,0.50214089)|0.00000001|
17x9-2|(0.49336779,0.91779971)(0.97051047,0.50690876)|0.00000216|
17x10-2|(0.53564370,0.91881150)(0.89738294,0.45163576)|0.00000079|
17x11-2|(0.59523624,0.91540891)(0.74083980,0.36160731)|0.00000011|
17x12-2|(0.63352668,0.90558475)(0.64188944,0.34855947)|0.00000003|
17x13-2|(0.71445364,0.90872395)(0.52078530,0.32089819)|0.00000001|
17x14-2|(0.73904723,0.90402716)(0.49789441,0.36465490)|0.00000000|
17x15-2|(0.82237262,0.90720063)(0.46648244,0.35500853)|0.00000000|
17x16-2|(0.84258550,0.89640886)(0.49779318,0.28772551)|0.00000000|
17x17-2|(0.90911192,0.90115023)(0.25895520,0.22463496)|0.00000000|
17x18-2|(0.95199174,0.89816606)(0.32256384,0.16576056)|0.00000000|
18x0-2|(0.03345427,0.95411289)(0.50534328,0.39702426)|0.00000001|
18x1-2|(0.08808937,0.97409552)(0.22917818,0.52002792)|0.00000000|
18x2-2|(0.13010424,0.96621382)(0.39396326,0.57606273)|0.00000000|
18x3-2|(0.18955345,0.97099775)(0.48747792,0.62955861)|0.00000001|
18x4-2|(0.23110196,0.97225559)(0.53384920,0.65933734)|0.00000000|
18x5-2|(0.29633194,0.97875243)(0.45347541,0.78071933)|0.00000001|
18x6-2|(0.32311088,0.95690304)(0.59194401,0.59765238)|0.00000005|
18x7-2|(0.39333448,0.97557509)(0.69563210,0.71492121)|0.00000009|
18x8-2|(0.44991338,0.96909541)(0.73484175,0.69769668)|0.00000008|
18x9-2|(0.49501669,0.97204322)(0.77362808,0.74060060)|0.00000134|
18x10-2|(0.54070854,0.97079509)(0.74429596,0.71822532)|0.00000075|
18x11-2|(0.59566212,0.97331488)(0.68729442,0.73234333)|0.00000046|
18x12-2|(0.63920575,0.95518672)(0.63589525,0.70591035)|0.00000019|
18x13-2|(0.70459431,0.97325957)(0.53987775,0.71473027)|0.00000011|
18x14-2|(0.74379748,0.96029299)(0.54126794,0.70613959)|0.00000006|
18x15-2|(0.81259030,0.96791881)(0.55125346,0.66964246)|0.00000000|
18x16-2|(0.84862119,0.96837884)(0.52542047,0.55210528)|0.00000000|
18x17-2|(0.90789843,0.96073854)(0.26402612,0.31332537)|0.00000000|
18x18-2|(0.95268923,0.95523864)(0.44733484,0.42235281)|0.00000000|
